200,0.5857247352939794,0.02176063856031255
200,0.48170037227587836,0.02125703691255998
200,0.5709001451981939,0.012592187591478508
200,0.46409581979790115,0.040890426971954996
200,0.7033670272083634,0.04156313515381482
200,0.5874231642026895,0.02757212321189334
200,0.6062954946071898,0.02117328071096758
200,0.5060209558837554,0.015559883866649407
200,0.4960679393711932,0.01572400393074802
200,0.5711015159674373,0.0336333057808309
200,0.7404239237902401,0.02122157652552814
200,0.5923642331142193,0.01546750735094271
200,0.6071621792609496,0.012786081432663434
200,0.4502437409607266,0.019407195001396094
200,0.5923515562895771,0.014723850703361714
200,0.8287665168233611,0.035955781888655336
200,0.6894539752071353,0.02031349634350793
200,0.5964548645175647,0.02285033176256257
200,0.5821147724956874,0.03037658481052996
200,0.6901784462518057,0.013009941972741412
200,0.6400171978601035,0.014286760065017789
200,0.5826141497796065,0.021670859556094046
200,0.6500730276763357,0.016432884048244
200,0.6152386888814172,0.016844053103224566
200,0.7030874312098342,0.01513700205237023
200,0.6455994954954936,0.045409191488009704
200,0.5139896077311708,0.0541572738876277
200,0.5497138668037911,0.022775865924815397
200,0.5403989585722686,0.01959423729266989
200,0.4733011203133911,0.036680198845422174
400,0.5606327832876299,0.02227029308603856
400,0.5453471279786712,0.01733411568275134
400,0.42931616604659256,0.006715680852142469
400,0.4590278677497223,0.016254823868639967
400,0.4636114072747808,0.021431397027728227
400,0.48477113289291224,0.014753761084195793
400,0.4371452829865272,0.013049162276622924
400,0.6191798034080848,0.023748084623688825
400,0.5865571914213535,0.010080153651665258
400,0.5709094973524842,0.018950663400650658
400,0.4293722736653437,0.014109635900472872
400,0.5332943950981437,0.019183041799932576
400,0.5404193866561233,0.020504240155779785
400,0.5204722762963885,0.012861014262818049
400,0.4973064309850981,0.028894659547155754
400,0.4777344202924995,0.015173156884277
400,0.5624231854618645,0.02217618837143953
400,0.5778800417230733,0.018103787994452336
400,0.538991675758782,0.010517076043263594
400,0.4858177202103901,0.003833519825312659
400,0.5104384010222615,0.02023189661625402
400,0.519909659955891,0.011429852899434656
400,0.49631071821405137,0.032516160097072255
400,0.5734235951185855,0.022447216994223362
400,0.601790999460269,0.022972721124948414
400,0.46493290202442916,0.008806087024199275
400,0.46460421962251186,0.015236822844196363
400,0.5352330603987803,0.010436072270171553
400,0.5074556124624614,0.008522342637554914
400,0.45090654583021816,0.006087651965229535
600,0.4942422792023627,0.00912679853456654
600,0.5179111177075661,0.011124572449221048
600,0.5052400305275191,0.012052943302803376
600,0.41895437858800055,0.008576566825342136
600,0.6323751937568942,0.013137160966016248
600,0.4839320033688879,0.01199094770969289
600,0.47611077111864586,0.005779694637914501
600,0.5277052940296838,0.0053395529427255894
600,0.48433005673346646,0.013982510221622668
600,0.4958285169562558,0.015718577800560185
600,0.49087282237642593,0.004966927010528588
600,0.5043286201869366,0.0212073043031078
600,0.4287573028113272,0.008268673772096585
600,0.48119311937889153,0.035399143024960944
600,0.4812105510025877,0.009710567306451479
600,0.5442155647195511,0.018662814429833974
600,0.5168823141612486,0.00955591396601907
600,0.4804935017556563,0.01901581191178181
600,0.5107241137290893,0.01016627642480894
600,0.6031689280171935,0.01721100514626772
600,0.4657986148310424,0.005848125305053187
600,0.44072184108868273,0.013455963142754207
600,0.4659063994258151,0.025041169504358418
600,0.45188046847852226,0.018329770992735916
600,0.682947490190655,0.00832310294356459
600,0.46154612807911227,0.008998990548063121
600,0.6459768786683544,0.00892555846946963
600,0.47229330414205994,0.013996798420552903
600,0.46554858244578357,0.006732972476655445
600,0.48651098619871036,0.009864077259893467
800,0.5234425010103726,0.017615634439973826
800,0.42696536723277956,0.014374866687360655
800,0.44595470798259673,0.012586925962937645
800,0.4782815671132092,0.008371194418610228
800,0.448653270817375,0.006765713258678474
800,0.3889429781840505,0.007160932218022831
800,0.5197728518709017,0.006317776912960982
800,0.3957801629711772,0.008403573906428985
800,0.427040164825391,0.007506819580874513
800,0.4668362236187924,0.0106969167210339
800,0.4782173300963857,0.008132084221124292
800,0.45908537504828184,0.015901298103691675
800,0.46068431830798995,0.00439871464849495
800,0.5068387548672548,0.013342079676637031
800,0.4105512690217854,0.0036455156256852694
800,0.45805040235847433,0.009424336176813153
800,0.40347037218636833,0.010719704256103468
800,0.3964022539379431,0.010399926723150044
800,0.5044614450261948,0.008895058963770852
800,0.5320047364305128,0.007728437945764943
800,0.42913502720095736,0.0107555018263219
800,0.4518821050211487,0.012217526643540255
800,0.41556858808200814,0.005774969251966985
800,0.492117051253215,0.01075232462212572
800,0.4475548663559382,0.013281086471079728
800,0.47709004743426553,0.014143127450446213
800,0.43756026602475057,0.010370540229526104
800,0.4685622017470056,0.01030359572495032
800,0.48239636599114094,0.005269931949353213
800,0.4324792379350896,0.007062177704591832
1000,0.45552783281389425,0.008550274758323484
1000,0.44116684926043437,0.010241776190795138
1000,0.5689169552099207,0.005229363664943865
1000,0.38846263957217575,0.010139144378771947
1000,0.42283064925620434,0.004934081547712635
1000,0.5065847784014872,0.014147971192809417
1000,0.4910466183357043,0.005102892133885531
1000,0.5267891071281203,0.009959079783977254
1000,0.5278772565938398,0.0020273581501444315
1000,0.46241234876502324,0.013992458129715502
1000,0.44889311484503447,0.005823556904907614
1000,0.5235817224656292,0.011378704948156404
1000,0.47588385318519105,0.014074340941251595
1000,0.4558419058428236,0.006555444345287431
1000,0.43380150482520724,0.013714693747041595
1000,0.525825191264236,0.00927619206837349
1000,0.3737546148450348,0.010375013626352292
1000,0.42635651758374726,0.01132185900411331
1000,0.4933614473485749,0.00940552318459642
1000,0.36270005432279034,0.013190827322212773
1000,0.4658918684519952,0.007004266829971018
1000,0.44568248308596425,0.009288603416333086
1000,0.42040501612588493,0.013920177589816118
1000,0.40876404970010216,0.01039765658662084
1000,0.4604749134763958,0.004237981132345291
1000,0.4362263290921527,0.010843465830816523
1000,0.45637948098989756,0.009792249216801885
1000,0.45462269567688807,0.009560710493174751
1000,0.557641474319024,0.0015830953819029325
1000,0.41697009395197643,0.014298752275966775
200,0.5227192521851886,0.020285740847468814
200,0.7143299188982046,0.020787989086621828
200,0.6802022025429837,0.019016997347537923
200,0.6633348015022688,0.016418808481659664
200,0.5515127397922225,0.017276982089775163
200,0.68247336575484,0.04925798763290623
200,0.5911983430270793,0.02221131988438152
200,0.5719502441565276,0.02333160509222232
200,0.583238698557994,0.03845879413396425
200,0.6294988489209221,0.03218641093770036
200,0.5631936924955128,0.03350766738396849
200,0.4861099677115649,0.036459809615469164
200,0.48198236236666964,0.024927140258358356
200,0.567071982004183,0.038780979777490066
200,0.4644230772278852,0.02679254976822376
200,0.7082461794887258,0.04799807190607974
200,0.5557815156173094,0.013103538683800986
200,0.47948049361416367,0.02478489546671525
200,0.4995121348992212,0.026573203567147097
200,0.6177787113542959,0.01646114438046653
200,0.6571552136672009,0.035907601561919966
200,0.5393517562871297,0.02312961924516521
200,0.65107998103463,0.018169043740159596
200,0.6496945216046416,0.04586066637567621
200,0.6445009430877147,0.003909231504481192
200,0.6621038033140235,0.01788859497387052
200,0.5043660240721345,0.024438350936368147
200,0.6306648497123013,0.009769678707630014
200,0.5896927108213756,0.012099541404006542
200,0.5316422068513261,0.026144091393794033
400,0.5851113524711677,0.010075489529422388
400,0.4649143495936155,0.021446335191422694
400,0.5853799340043101,0.009945013351330467
400,0.45241733912088056,0.022514825895667112
400,0.4990227185670507,0.02034493793222092
400,0.620575508150805,0.012354840800951047
400,0.5769799992655411,0.010375501278797605
400,0.4508010701950855,0.013798077722128039
400,0.5422341233639257,0.017131220191763497
400,0.5074407748760109,0.021723687304409545
400,0.5252926509597147,0.018226307748438142
400,0.5322470966525916,0.018828928017851077
400,0.5513251977195154,0.008483315889524112
400,0.5117088914559844,0.028001244276375514
400,0.5383292102004273,0.011376780795475439
400,0.4486651767593298,0.006612289467712973
400,0.4591425604830753,0.016684750732389064
400,0.4916572330016844,0.003907697063653903
400,0.5325189072857011,0.013638326729517702
400,0.5295350202805088,0.003168217520654215
400,0.5496679632229018,0.014788051083212128
400,0.44741304595266784,0.011639870155871868
400,0.5148183165871116,0.01976139414757616
400,0.48797151442128767,0.0074911266607484706
400,0.4637342607554088,0.01145403956929747
400,0.5799296837295258,0.0147539935169958
400,0.4363054954917756,0.010546582344584277
400,0.4558795141178723,0.01819078353635495
400,0.457299070939805,0.019466450839574656
400,0.5283156398536499,0.022528188338390542
600,0.6151344859740866,0.011832745236387979
600,0.5235933264061802,0.016115058858395037
600,0.5620684971753563,0.0130286793215455
600,0.5523347626518,0.009596161586946206
600,0.5406724355634593,0.0070278667580456755
600,0.4357650849108552,0.01373740251531963
600,0.560256494136945,0.007751496452023998
600,0.4463918856756622,0.011592542493958113
600,0.5188677980515835,0.013915898784558456
600,0.512359138646145,0.0043488199779546655
600,0.5169801262049774,0.008459534535113722
600,0.41932182976952836,0.01502631745511862
600,0.5219409337980886,0.013017970736912687
600,0.42507620824054404,0.013287143344542285
600,0.472192890135848,0.00950198321137563
600,0.5508099150970823,0.007238326722710742
600,0.4818793623384361,0.011940897613907264
600,0.4952173807414971,0.013821070027185689
600,0.42878765608761094,0.008990788208520062
600,0.4550238103824072,0.007340529868306467
600,0.545081573892807,0.019667275036870047
600,0.39250955792459985,0.011928486398367744
600,0.46998591466718154,0.012123918327621608
600,0.49317801335223405,0.016674691655768736
600,0.42705128318877533,0.010642658191478976
600,0.4207906876171137,0.0037427916256178584
600,0.4902365699360929,0.007601574614331419
600,0.49865538751828253,0.010934872939366236
600,0.5295628217484697,0.0030977911275060777
600,0.49310733980852983,0.012099070513320265
800,0.5168637538085803,0.0030792845729739615
800,0.5177340083795395,0.01446832304042589
800,0.4303095574051988,0.005221655394481828
800,0.460960651679932,0.013630277755827924
800,0.44364332550257135,0.006843034608923215
800,0.5826473258620704,0.007984621106278622
800,0.4248566566132866,0.014977475076623614
800,0.44775514041174014,0.018407506629140924
800,0.5073267099653855,0.013741835899593102
800,0.4912386822207563,0.010039250068674122
800,0.36455138016886895,0.006557606685812123
800,0.5051181073740065,0.006088343395088236
800,0.40404094305836663,0.01234698375332131
800,0.5045142863276788,0.02310297467732303
800,0.37403092021195505,0.010403586302794032
800,0.4536967799501921,0.009655557687221372
800,0.432682947253076,0.013675049641377002
800,0.4228031541296271,0.02439012075409619
800,0.42068452289092084,0.01039265974350112
800,0.6146732267020036,0.011676884923555564
800,0.45320103336626844,0.010154954054074183
800,0.6159986624141577,0.008718106309342666
800,0.5277769900105246,0.002909318999766362
800,0.5617726049442391,0.012707642342324466
800,0.3886338250574113,0.006321269105045102
800,0.39527887095910635,0.003258845650634612
800,0.461482277607187,0.013918270711552827
800,0.4386586737877441,0.011894597863371992
800,0.4440974314010032,0.009828136036199475
800,0.4214904559524573,0.014900391701877291
1000,0.4313021403649396,0.000986132558247566
1000,0.4325749143018954,0.00859635993367092
1000,0.4374435765864155,0.0048415507904177035
1000,0.48565985919993143,0.004310071682053329
1000,0.46431565846314315,0.004780064580424792
1000,0.4804991797125111,0.005742328711756173
1000,0.41170751456393817,0.005636465151057313
1000,0.4992463611988527,0.010233508894925988
1000,0.4578723903194865,0.008843547404302265
1000,0.4283319322697126,0.009626659654869025
1000,0.5243642914401476,0.003641549108541642
1000,0.4457437531703057,0.005266542205777824
1000,0.4599850751996568,0.00571257419250254
1000,0.5632418335191876,0.0024285611092653703
1000,0.4662531233157744,0.00430907599487429
1000,0.3948415574962576,0.007457048060971694
1000,0.43532885337548394,0.004352522366758316
1000,0.4982466563372529,0.008889794483172064
1000,0.4044730754692972,0.012083997751000108
1000,0.41027722249854803,0.009386131808952314
1000,0.4687199850222035,0.009850755774818453
1000,0.5106685460422198,0.009191471992201272
1000,0.5068407369210521,0.013645445660875777
1000,0.48409482800386644,0.008938299543532147
1000,0.4807711511026648,0.004147440138927674
1000,0.4761502484158492,0.006927839166261884
1000,0.4175883208110869,0.008815435981590625
1000,0.4894493562212963,0.01387091743857427
1000,0.43951885912464683,0.008037470800688425
1000,0.3774657023669161,0.010964134777825985
200,0.5982530150409986,0.03067236778673693
200,0.5686735504003847,0.029017841962150515
200,0.5105941870916668,0.03337098174358055
200,0.5059371968579934,0.02090600249501695
200,0.7782734610560926,0.01982817216968047
200,0.5127171239716873,0.022706504962333618
200,0.6507432831958919,0.03264570137491252
200,0.5586714074617836,0.0351558305956039
200,0.5702415861915346,0.0152719665383092
200,0.6298673341354705,0.025723660059976564
200,0.7831118455915198,0.0235078414061895
200,0.5759735285677343,0.032600502763999284
200,0.5126610816281236,0.019115110382513345
200,0.6771761787926904,0.019347254482530385
200,0.571497536885542,0.029853293844228322
200,0.6071823392410555,0.015343143578679164
200,0.5255510350020705,0.02500135501832801
200,0.7039494303145928,0.01992818208960201
200,0.6324032360321516,0.03829484341767464
200,0.5348068838325397,0.024818090752080302
200,0.5177369639667997,0.0357166226040333
200,0.5497130612952452,0.013444784830605272
200,0.49362948300693466,0.022848683491832444
200,0.5861306742539707,0.020284901635631014
200,0.6197314141008504,0.019054525206052997
200,0.5335736166404429,0.039494885398644604
200,0.4913479252306789,0.02332636937782162
200,0.772978675279152,0.041032084810124436
200,0.6594746745401788,0.010413608344896907
200,0.5481730205491973,0.03207883399436029
400,0.535261156063219,0.027840428132000827
400,0.4321569858906689,0.012649896043945952
400,0.4899311229956204,0.027815441500239846
400,0.5138370919345986,0.014043475208013412
400,0.5106930936593652,0.005615869243362992
400,0.5324015426994612,0.02561325796131353
400,0.5241025222925326,0.023064814272510725
400,0.5637537357525061,0.010477398655516446
400,0.5258439570643516,0.010054513071411883
400,0.44670141145600767,0.021748637644717572
400,0.4664841837955134,0.013422955466018894
400,0.5168931793784903,0.029802223621694823
400,0.4713677751926276,0.011794827685969294
400,0.47963226876750714,0.013381186580413651
400,0.6114889090893184,0.010229786530103424
400,0.46807616829201915,0.012759560599155643
400,0.4901904425646143,0.006231062776211882
400,0.5391437510505859,0.020272457444636065
400,0.5255748029733782,0.005756240855179007
400,0.4780828005979807,0.007004221305900504
400,0.4113190614883234,0.013778043935513296
400,0.4423190900363212,0.016448279715184366
400,0.5605635681916047,0.007047172158223702
400,0.5762742665381506,0.01984385193448146
400,0.45288818580049794,0.031103983796030077
400,0.6257739148102763,0.005503663630944583
400,0.5010526526607203,0.004234335245715926
400,0.5135125262757699,0.023012534250428374
400,0.5291961265241364,0.017650385695100246
400,0.5880300500642197,0.0044034088708240215
600,0.4587628744122815,0.009943242386971196
600,0.46294810685088844,0.0126293555682635
600,0.4722201578965073,0.006714875239388851
600,0.4521477729353284,0.008839460766134247
600,0.42197520226495283,0.010198884130878882
600,0.4620050014141318,0.012150940228112361
600,0.4808154684128695,0.005448037378574312
600,0.41225854904454756,0.021094477631091735
600,0.47120308407729267,0.009367098770395531
600,0.4437297409015561,0.026802150544178893
600,0.4318594073572458,0.007542597568019227
600,0.4673874111433803,0.022202169855404463
600,0.48145962591091623,0.008861179587758228
600,0.45063463572832585,0.016073779052777626
600,0.5340677898816388,0.021276325787386696
600,0.5742774783311314,0.005497085436136251
600,0.47130013536713555,0.019467272651531697
600,0.5683797758857408,0.009698120442932945
600,0.5325782574333029,0.01733904406114961
600,0.5316738452815168,0.008675146523097421
600,0.4675273326182059,0.016888281049690423
600,0.5214851783669278,0.01413736126798848
600,0.46435912774012394,0.013297095598645059
600,0.40061035896626407,0.006703586703800224
600,0.46118973979067257,0.009338820255460956
600,0.4585326552005915,0.009910892919313685
600,0.49841404142608875,0.010867592569244633
600,0.4822667353505256,0.004760384697082953
600,0.550676888457099,0.013806961266356055
600,0.4542863156312836,0.007742241443843798
800,0.4851833562637394,0.007777174344784801
800,0.5187544452735485,0.010536496078862312
800,0.4165311074393353,0.008158456546554511
800,0.4723838443991104,0.004994671597167377
800,0.4896660401713044,0.011636331899398389
800,0.45051842158822597,0.0065694545101326884
800,0.44217824663055655,0.007824716884075525
800,0.4809164821505445,0.013107767139435511
800,0.4667771961437845,0.009012548132894427
800,0.4390445741059989,0.015987257231227403
800,0.48933962753532567,0.012025004921342397
800,0.5526833861654347,0.008320189780840925
800,0.5632136033213746,0.021517832394919223
800,0.5421163471567624,0.01596999678390998
800,0.3901226020392012,0.007917306909384081
800,0.3886891419234384,0.004282159240184602
800,0.4173768571963752,0.011734566570232514
800,0.5502627082507411,0.013872075020620489
800,0.4916971923479562,0.007196914250652904
800,0.5517900717572848,0.013142053169357348
800,0.48538565798197103,0.013696210417814658
800,0.39779830201232197,0.015512709184894558
800,0.4758034870322449,0.0063385767648102
800,0.48819555516463087,0.008746452769603575
800,0.479562396949518,0.00727856451153075
800,0.4053556144131283,0.00193994099568906
800,0.4449881690166595,0.007673852025021688
800,0.4209619979711583,0.007819968012721737
800,0.47504585615010475,0.011254845945189551
800,0.516454135397511,0.013238848139068171
1000,0.468865228197201,0.018922104795085604
1000,0.4909384552329297,0.006189246577845142
1000,0.44270461240858566,0.009941629976478517
1000,0.5469671114624808,0.005714166253516062
1000,0.44355238713228073,0.005938265673143681
1000,0.482950481134997,0.0048511068588098505
1000,0.4117601273253029,0.010484480213047931
1000,0.4214091817657263,0.0060023179839283625
1000,0.4262324558057166,0.010262151704065081
1000,0.421854085829249,0.014939941187340766
1000,0.4896584863986697,0.01003312805541512
1000,0.393098876780857,0.007384060423692329
1000,0.39857120320243283,0.0070797565259328454
1000,0.4587602884533308,0.004767753857312984
1000,0.40795747649183456,0.008341366635165937
1000,0.41226104211441456,0.012044807093795518
1000,0.475082109519164,0.006991942967365716
1000,0.44190527435075233,0.009640181345309529
1000,0.5305672349655851,0.006076956616592577
1000,0.4809125802280514,0.006474103502073336
1000,0.5749855585689262,0.009938416042043707
1000,0.396162941926977,0.015348471834986999
1000,0.4251632900870668,0.008685229092370017
1000,0.4079069116263361,0.006160847899634669
1000,0.38646757465140935,0.012984016837062073
1000,0.4996397885550193,0.004193452417587951
1000,0.5271724309657377,0.0034452201865527534
1000,0.45119516702571805,0.008719800767016173
1000,0.4308998529797474,0.011973671123190144
1000,0.4223959056627669,0.0021098204934191234
200,0.5647223673445074,0.02142633916968162
200,0.6228754670301051,0.025113370951802327
200,0.4519377906068865,0.01838567073261199
200,0.5253826222903641,0.0023534301995995176
200,0.6098208188683549,0.05929083132328872
200,0.5941697486693653,0.02995640178159653
200,0.5729474315835928,0.02356664584664353
200,0.5093077056570297,0.021417832145482835
200,0.5071164253673275,0.015193703237356693
200,0.5401485806462997,0.01683361862881843
200,0.5528551015031542,0.016011670795024913
200,0.6334905110394553,0.0535739718590067
200,0.536629057310055,0.015567249227596558
200,0.5770575613062972,0.03543650460536718
200,0.6978980127961967,0.03339476365689431
200,0.7925930849164788,0.059397301350660126
200,0.625918422155578,0.02196111079327423
200,0.6306686949003875,0.018411261005009116
200,0.5450477502104436,0.02080675806413057
200,0.6260895790003652,0.022531012697539987
200,0.5682552122087101,0.019039628835975875
200,0.5332734213690467,0.009773969507307356
200,0.42188332286352986,0.017109744462546206
200,0.4553893414875799,0.011844533397481686
200,0.6280687035952324,0.019218192209852214
200,0.5091906090538095,0.010524919516834652
200,0.5745773542179071,0.032632390959407065
200,0.5130918020336587,0.019025545036831293
200,0.5030780650769685,0.012873595185190101
200,0.5689397030702791,0.011069906763830462
400,0.5441846907738019,0.017532612168582373
400,0.5550932657434456,0.01080851043940112
400,0.5206906973393348,0.01258204814200195
400,0.4927785642424358,0.013956238882947614
400,0.4105271627927543,0.01634911315294929
400,0.48037604515693366,0.011814563495701702
400,0.5366365720296906,0.020041237552227198
400,0.6647811469530558,0.010170456193419941
400,0.5693066499784347,0.016333603123402707
400,0.5300816450614406,0.01424044125706092
400,0.6040313471139546,0.015257307415119215
400,0.48967657112421087,0.022503336667226925
400,0.4208828420169867,0.013054379022921392
400,0.43561583415185,0.014651023239157457
400,0.5308615815210941,0.023900985114672757
400,0.4899766019463215,0.013864600755324839
400,0.47354999192486946,0.014487331811269266
400,0.5291934141410184,0.007632483491003095
400,0.45627604661427423,0.010432800548442872
400,0.4856860980373963,0.01763195327688742
400,0.5234658177594613,0.02108644249642544
400,0.5037156331634041,0.017840411267627143
400,0.520235730230034,0.018333693903815007
400,0.45665798742875563,0.006639465885688978
400,0.4101088834309727,0.015419268676725828
400,0.5093945520132557,0.012582687956090917
400,0.5746305903280214,0.007958322645275961
400,0.42663160343657386,0.019359160611277293
400,0.5720646531310988,0.014993283019709258
400,0.5217710933396973,0.008695135166071122
600,0.45068390696875754,0.009492484181332417
600,0.4319702202644427,0.011547394800289212
600,0.4834855610742316,0.019753454153567107
600,0.5655700503508627,0.012369784233712044
600,0.5281501630505315,0.015118039706620623
600,0.4482260896221477,0.0064019686492888615
600,0.499398007679408,0.004921435219998438
600,0.46839664103832246,0.02090978873838578
600,0.4303777672360939,0.015278887686109854
600,0.48153947593591073,0.014811966136968113
600,0.5254864741703196,0.0030979940385280624
600,0.5101922441358908,0.013336793371020672
600,0.44121057515421963,0.021595824104126304
600,0.5968164857699513,0.01658194429305271
600,0.5884784507434969,0.009368398940621248
600,0.5007264131486585,0.013269664559074634
600,0.4520683146280595,0.0214220680119388
600,0.4507652673369217,0.015300980642934725
600,0.42236576198359815,0.0015241495558438584
600,0.44821593082838773,0.010343299903539105
600,0.4560859695707986,0.014178083405700592
600,0.484221770683897,0.010188058332051053
600,0.4748798610817318,0.013802521876286944
600,0.44342441454925074,0.017313503740286507
600,0.468018636744222,0.014663600890773232
600,0.4478880928453338,0.015737660762928263
600,0.4616184364752527,0.009243049941993098
600,0.5196233890210508,0.011311447742274772
600,0.39852618805172124,0.004744442916472913
600,0.47884033295975803,0.007313394650179772
800,0.5064982100397957,0.006117912760377431
800,0.46917178449354857,0.009467785437653031
800,0.4180883462189602,0.009168348151501693
800,0.49212288265211734,0.010735543897278044
800,0.44302966543852784,0.007688807505331818
800,0.48029379905070413,0.009704929956283248
800,0.40273049185475257,0.009415159806348772
800,0.46386629131370405,0.006948855892593642
800,0.4994025067098145,0.016843505205007103
800,0.47978922009804004,0.004432465664401475
800,0.5273972502348453,0.013733690794597075
800,0.5080118051562278,0.011717302023831255
800,0.46409912095124417,0.005561270739965707
800,0.4520152755179395,0.01228687595265332
800,0.5262630571636673,0.001971842991238651
800,0.4523542471280435,0.011902219361344502
800,0.47136198456164535,0.014915180716691623
800,0.4217299069316179,0.004527505391847278
800,0.4366051626774966,0.00937087420301097
800,0.4460376946290563,0.009453171048742881
800,0.4978247748307284,0.0035716748172529567
800,0.39472923120329206,0.012325569380099877
800,0.4604018273589394,0.016295638912427357
800,0.4894171222581257,0.016823129689841787
800,0.4336631924861349,0.008377612943358063
800,0.4923688045200936,0.0023799842911286784
800,0.4399294153327683,0.008835275674284437
800,0.48049078306990745,0.016012595916956363
800,0.4294787195725264,0.006760702292299747
800,0.4154195144579737,0.01428119702072217
1000,0.45020855528436504,0.006649159649665509
1000,0.4672571899557594,0.0074104952082191256
1000,0.38048098157112265,0.007456961465333478
1000,0.5213713685666381,0.0052918419208567435
1000,0.44830945509589476,0.015043304873883612
1000,0.443211464630357,0.013839942155112306
1000,0.4576165794333003,0.005848677265895663
1000,0.5676073364430889,0.008604567426772736
1000,0.4167451373684573,0.011371523478988399
1000,0.43902412351291364,0.008978357159543426
1000,0.5015977974546189,0.00823292013784549
1000,0.41425525786293843,0.006763501274802408
1000,0.4813823331014473,0.006782217720658679
1000,0.4671124792343649,0.008690631467150878
1000,0.48481437849051956,0.00717079285883937
1000,0.4182566013981531,0.005884275113894777
1000,0.3903401256332976,0.005964294512882384
1000,0.33660378240580113,0.007827751931885785
1000,0.42949579876863786,0.0228485086198027
1000,0.49807989459701696,0.022612246904067046
1000,0.3862500419197497,0.004701668953079663
1000,0.477605221540036,0.010328162989322376
1000,0.38790453887038184,0.016702588601218427
1000,0.423488264951731,0.011345796709616551
1000,0.4255497907820403,0.015124600787239428
1000,0.4244156629081215,0.011802848786965248
1000,0.4412392654222508,0.0028340843928198467
1000,0.4890577514592581,0.002766757089967431
1000,0.4007785810826207,0.015823905169050967
1000,0.4253968126345495,0.01544008595609525
200,0.44574690870102485,0.02354897123290134
200,0.5756946571882752,0.007534299968780633
200,0.475855579284197,0.015297185220716325
200,0.618312903902421,0.019438862522321965
200,0.551824417603109,0.026005534639410365
200,0.6192559812885295,0.02356214086566366
200,0.481575515175644,0.015642048260721728
200,0.5347396540191665,0.013363896942902409
200,0.5617194089331828,0.015618790300620798
200,0.6860888466988065,0.030360497046207843
200,0.6398346549270271,0.007770161024131639
200,0.8443738246863423,0.018267896421960472
200,0.7234392826538413,0.053459883711277856
200,0.609507083588359,0.04186806983358449
200,0.5645592443117592,0.023532808925243842
200,0.5747260136070199,0.02687472509745148
200,0.5601591775454595,0.021343344748513626
200,0.6377136491405272,0.010095295193432363
200,0.7243486657240168,0.03540005929020662
200,0.49056855366296337,0.023125937110461403
200,0.5173964158911906,0.027417784976455417
200,0.5622260772461976,0.018686951731798736
200,0.7076895219063735,0.022976041076758647
200,0.5277507741799466,0.035257118554247124
200,0.712827226907199,0.03939104641679081
200,0.565906486164111,0.0321831149740619
200,0.5887123869819921,0.023413556208012
200,0.6145305470657755,0.020092152525421625
200,0.510575154133306,0.038295131475681976
200,0.5675260090113645,0.021934292842733405
400,0.43658732455352867,0.014981863621453394
400,0.5182118282017961,0.004464678716166955
400,0.4618865988708972,0.014250804766856806
400,0.4422975466645686,0.025672527147408752
400,0.5062000254917199,0.03047629440607058
400,0.4953605527128079,0.019437119943329972
400,0.5371851753805759,0.010150637224231707
400,0.4820499923822112,0.020331638997325596
400,0.4787890734540223,0.02292998861277762
400,0.4767488045027053,0.020165715277890683
400,0.6234693017055056,0.026088021832525676
400,0.5201969198920837,0.019941675860106978
400,0.4304608849749805,0.027683595113111137
400,0.5814793635920278,0.02594167460661656
400,0.7033638289075209,0.02340277413373315
400,0.502712846722897,0.01621389601847345
400,0.5402954300232055,0.019490060129154774
400,0.5387211840560087,0.01238144730591384
400,0.6049776049709579,0.027626697978232473
400,0.4973406495139253,0.010837353318859632
400,0.4842071597639934,0.0035418581917159297
400,0.5350628436758402,0.02052542612461794
400,0.47687718333878726,0.010484240058663292
400,0.573991480552857,0.01711633427963266
400,0.5064327675428628,0.013645452313911434
400,0.43835018670398085,0.009659114545032654
400,0.6330945489862633,0.020820884207890744
400,0.495834959655091,0.018174920566309854
400,0.48386702127136727,0.007897878938019909
400,0.45483324902613664,0.012026878853507061
600,0.5113165951042999,0.01377590624735936
600,0.49259394931583,0.019459798580733434
600,0.47410745639171686,0.02037445028285534
600,0.48405952321899043,0.01756430518502894
600,0.43605315016386054,0.008511611334391489
600,0.5172260875324111,0.00829684260760466
600,0.5027698092943684,0.012354415786402173
600,0.46070652859728656,0.017437151563861608
600,0.48623844607588856,0.011813523158154315
600,0.6170876014483689,0.02383195464069776
600,0.5093957155923435,0.01814377177116122
600,0.39904927647922306,0.008170459072674219
600,0.41215336916811696,0.009558604213413036
600,0.4591734540474047,0.006733823361793734
600,0.502452253492322,0.014239947040017631
600,0.5071150899996202,0.007793544301689326
600,0.5056237166814253,0.0076777888797883165
600,0.42350836284167337,0.012782789168456432
600,0.40825267320322106,0.008069107962651386
600,0.5043254846897534,0.008360908297251779
600,0.4370567449047098,0.025043101610116025
600,0.44978978948938664,0.016712486586209607
600,0.5016326714727616,0.018078285088323653
600,0.5463605434452322,0.0038414464814426896
600,0.531736179052485,0.031464659879244294
600,0.4397597223537446,0.021075070257846606
600,0.548709367199028,0.013584407096729478
600,0.447415642872625,0.010949406397568362
600,0.4536438851448889,0.009429656744261106
600,0.46072410532044666,0.022999215031369813
800,0.5189782555610942,0.009927365309077785
800,0.48650581948903404,0.005292108883492806
800,0.5228005705326608,0.012096116109019728
800,0.46568841231368563,0.004445249162483781
800,0.4218687781108696,0.007614651531680394
800,0.4375117786284418,0.005675532913588743
800,0.5756094484635186,0.011186602409981483
800,0.5442560419639253,0.006309646244477385
800,0.5342597353033058,0.013637696174283676
800,0.3861062592685611,0.00816477706288854
800,0.522980263291558,0.00894285190871924
800,0.46068267293865683,0.013236931963207854
800,0.4573697342779356,0.00976995992886831
800,0.46347302698875736,0.009624555863058076
800,0.6036138716449714,0.013928940232391662
800,0.4048646532110534,0.014887458862386516
800,0.38785026548085266,0.008477392175475273
800,0.40026399666799606,0.0056753814611306685
800,0.455456380232421,0.013845980434695537
800,0.5256470000471133,0.011034686231029767
800,0.43211563318361007,0.006203234858008
800,0.4878325859776305,0.015340301385561972
800,0.4153754183197737,0.012407755373357254
800,0.4489123132030706,0.008177932137570565
800,0.6521620123077025,0.010872997181961663
800,0.3968154994909324,0.004864511943899037
800,0.4091020840534706,0.014825960943032346
800,0.440764436588607,0.003641269724765828
800,0.48807521626314754,0.020329363716770965
800,0.3710131644333178,0.006035648964724054
1000,0.6005488446660936,0.007266623631478009
1000,0.41930520710071484,0.007231627226784498
1000,0.4328455575040303,0.002264510054191815
1000,0.37606429358645865,0.013732195374903444
1000,0.5187295426537224,0.010347552095287815
1000,0.3959625485485923,0.020269185335755058
1000,0.3887949245129797,0.005515809407007799
1000,0.46603321856856916,0.005699710284761794
1000,0.4739131663817564,0.0129663421039512
1000,0.5052287512790226,0.00630202001400737
1000,0.41872533868804296,0.007148747576522285
1000,0.481936075649598,0.005410323677604875
1000,0.4141451053486194,0.003166565517035813
1000,0.4209829447546285,0.011296069490108307
1000,0.4544881637474851,0.01572766640205292
1000,0.46530383766477046,0.012205146264796962
1000,0.4605367741876582,0.004533491196089479
1000,0.37441992271748187,0.007507867463462992
1000,0.4470606048545745,0.009708345226625115
1000,0.4338258644450789,0.008953389693549862
1000,0.3804043347851645,0.007291685763669231
1000,0.4867070228886156,0.0005727303356564916
1000,0.4148890080818947,0.009757279637346183
1000,0.5522646017328661,0.009111749871652641
1000,0.39787016421863985,0.00391383686328306
1000,0.4869279484694238,0.012850289999825959
1000,0.47398296807525137,0.006193133962663966
1000,0.4336544437226482,0.005593896852360699
1000,0.41038311337089806,0.003256932922861333
1000,0.4002423441166678,0.012434104255961254
200,0.597427836283388,0.00476626807535907
200,0.5896282110885407,0.011964354653241527
200,0.5431378429781976,0.013920822890391454
200,0.5447074161034395,0.0026192259135764395
200,0.533890300838073,0.06109104855404479
200,0.524408891658567,0.044112771931629435
200,0.7290411993665209,0.019736834861550912
200,0.4906186875464924,0.014495257177465692
200,0.7196849081745238,0.010889257828709272
200,0.5922202848233913,0.019746114743807105
200,0.5256233377579933,0.026635417883012602
200,0.557594627580847,0.015279682738087174
200,0.5226928176019112,0.04769255685888507
200,0.5870453174000231,0.03165661076915094
200,0.5653626208314713,0.00729350609496811
200,0.522250659873847,0.026805806268825005
200,0.46384624604921776,0.01771984594977477
200,0.6483964421000031,0.004561102150966553
200,0.6161883851509412,0.04911370887265387
200,0.789228640019626,0.014951039757723272
200,0.6522798419013005,0.023650344538929557
200,0.6693795718244211,0.028577736420282607
200,0.6569332239789355,0.03230714887521369
200,0.47844203778355066,0.02545577684297906
200,0.6064470298557199,0.03180657185664204
200,0.5299755449102602,0.016799419472303647
200,0.7869839703415752,0.016079007447890037
200,0.5819571124949252,0.008353308059918518
200,0.6215406260608562,0.030138389732408788
200,0.5749575705254074,0.0521335255823161
400,0.46508359265073806,0.013723581374556648
400,0.6112546655075606,0.027818352972917904
400,0.49891025131751054,0.01731589167552794
400,0.48008394725530057,0.006938644636776625
400,0.5834880345205453,0.012512948537402924
400,0.4868536362291045,0.019761703942429154
400,0.5124811042676425,0.018440168234205467
400,0.5917939111715412,0.012867812889878946
400,0.48644945012259155,0.0284795798695352
400,0.47977938522242936,0.010256506369791363
400,0.5171058017750845,0.01284508270302731
400,0.5815507316467857,0.010133860005906103
400,0.545546321257979,0.023022251804153848
400,0.546395497961425,0.012987140488587734
400,0.48260880270803086,0.019362315686478948
400,0.5042154500430034,0.013509203557827578
400,0.5272676289059355,0.028523527789458214
400,0.4697268451719776,0.016245769753395978
400,0.4689376313704716,0.02285025468527202
400,0.5750155027280234,0.01975784500918154
400,0.48952409593717455,0.015263470197485196
400,0.5833746836302118,0.020316680727835656
400,0.43105796238726624,0.02128433844540023
400,0.5904241274217559,0.005488476540729355
400,0.47835669413012355,0.008577376414150684
400,0.5001107737184447,0.018647683153290573
400,0.5010773670881188,0.01825897689975764
400,0.6004446302612392,0.022777019455274328
400,0.5107472211964085,0.011977548222939727
400,0.453768044292439,0.010915408977928642
600,0.5088113525771416,0.012539213842761798
600,0.45908035819474197,0.005901512094773409
600,0.5590852693717935,0.009320701327425018
600,0.49327768608427,0.01941658876473329
600,0.446974321506501,0.01822788818393306
600,0.3964975456373325,0.00474032344964073
600,0.48506711807590835,0.013335269679419559
600,0.5668136040659071,0.009777827160457164
600,0.46053463727849087,0.01618536254423264
600,0.5348812014626265,0.007516487971028218
600,0.45923581407059144,0.013899595312749424
600,0.5763317278972422,0.004819125700053828
600,0.46017288498033965,0.005038595853497085
600,0.4860320917755043,0.015630346107017967
600,0.49234031132803147,0.011263987097676953
600,0.48930560662520384,0.016923573966064698
600,0.6434434564472219,0.011730609831431149
600,0.5541747952381836,0.005842797812487754
600,0.4767721861983838,0.014282630316228673
600,0.550780435004756,0.012130309057756472
600,0.523772384043045,0.025204577675161044
600,0.49075460496713086,0.0060249902470778105
600,0.5096881982638604,0.010984325548408336
600,0.4711842945996877,0.020282254464095706
600,0.4950260421777503,0.010668084161803426
600,0.49630283899645233,0.006051488288582183
600,0.49897089613691736,0.0051269967537153965
600,0.3931293557844727,0.015538597072665361
600,0.42226528418274223,0.005385015976876573
600,0.4491353881974819,0.010880584574952445
800,0.3958715767590666,0.005756525138429391
800,0.4165132965359619,0.005776769892345546
800,0.5652573089163428,0.0053268271137265465
800,0.41483730583001727,0.013859418706044192
800,0.5053606039337144,0.004735603525198935
800,0.4863675185217597,0.011196046111477287
800,0.4152588899834558,0.016107485120440135
800,0.440034863517569,0.010659492953062566
800,0.4387582131230924,0.007836553696280113
800,0.49155397833750347,0.01156448787433928
800,0.563077388593376,0.011767931983643454
800,0.478387117860163,0.004469041446727918
800,0.4485524960270397,0.008857728717428959
800,0.4882446176365386,0.015893338758245168
800,0.4084245102947225,0.013973984190240207
800,0.471169419376129,0.003189454265801945
800,0.41738562784473116,0.00931570497021994
800,0.4179392125371017,0.008646041215205846
800,0.446603918311935,0.007399421409482354
800,0.48252985153466865,0.001676452732158782
800,0.4196294851846587,0.013345999216926696
800,0.45603313418987446,0.0072780319361895884
800,0.49916655917820735,0.007527726819997272
800,0.44794058610080556,0.015093580785367378
800,0.4218221304448608,0.01300847211355749
800,0.4554954972195016,0.012047969882540865
800,0.4490390922507856,0.01047464633265438
800,0.46353553706913847,0.003522576104139232
800,0.45460139414619916,0.005147891349243966
800,0.48476671506577035,0.00428992577114462
1000,0.45924808559241137,0.0074053934478145456
1000,0.39791742364687566,0.009429573640579392
1000,0.48397561849783116,0.005487665221511451
1000,0.4629943522124122,0.007283159712392129
1000,0.4241639550346192,0.008446107715698536
1000,0.3919761033882118,0.0035390804156702426
1000,0.48001479728955965,0.017665545644905523
1000,0.4145817948028905,0.007269348424001176
1000,0.42270229410363747,0.014205075927809396
1000,0.49541257956298096,0.009173959056952175
1000,0.35699471162790464,0.008070860112807998
1000,0.5021037297565072,0.006159119583900807
1000,0.40614861510791544,0.00921089747951398
1000,0.38802282518980574,0.002575193696343847
1000,0.40424837192516505,0.012243619706642228
1000,0.42522900966358934,0.010914301485272393
1000,0.44345041671384927,0.002771071748261744
1000,0.8436772103800593,0.011045894434608794
1000,0.5165905609044655,0.014965164209423731
1000,0.4923449582949162,0.005980138149268344
1000,0.40558328347463274,0.007792927319543175
1000,0.44496776623155665,0.01376156642935733
1000,0.4525118428828085,0.011300673229204472
1000,0.44027118692469785,0.00871993077918043
1000,0.5125343538201771,0.00689619559626512
1000,0.4351167301175421,0.013203099689772735
1000,0.42600602219997696,0.008349055492304025
1000,0.4465619329017139,0.006775283804107302
1000,0.4113462684971773,0.00952365398601085
1000,0.4425082451981333,0.0077832161521573795
200,0.5388713744097638,0.014222017344120097
200,0.5969866185664836,0.01927486119941849
200,0.5466231435646314,0.04441671294943639
200,0.577189848118526,0.019431819429838678
200,0.64402419567846,0.01590509663150044
200,0.6109435176558362,0.01958751879357897
200,0.5760068846165461,0.009933670132576605
200,0.6465909975009064,0.03422607920329557
200,0.6244697081052435,0.01928998086993916
200,0.6886792645353912,0.03830277911295432
200,0.6215087238358313,0.031231166894811757
200,0.5887485500854865,0.02384154923087123
200,0.5039726626041432,0.013489266456939486
200,0.5409967911324842,0.028599067439790904
200,0.47006218911939995,0.01083369959659624
200,0.526976887018003,0.012601626786017575
200,0.6079337044502332,0.03426697921514388
200,0.5247877321035395,0.020016648292440875
200,0.8288570037338833,0.03457266970794204
200,0.6038337036662694,0.019260017628801585
200,0.5665451334384184,0.032343162059802255
200,0.5653010995409752,0.02326293190758233
200,0.5235580387234273,0.012269361060180617
200,0.5725150961306048,0.02602760818598515
200,0.6662390412110145,0.018135365816991156
200,0.6698010681675136,0.04332555294788709
200,0.5661938177663046,0.021652777875824203
200,0.6870400327695803,0.03865147177101402
200,0.6476664552108927,0.03224602320685573
200,0.7029223731348645,0.017189869556775594
400,0.6329527919947108,0.008266087556586421
400,0.5872478381565426,0.03188226173828146
400,0.48339235149436877,0.02356954506174147
400,0.42268296768738844,0.007881782969664807
400,0.5396947033958123,0.014572443634151
400,0.5533066801565993,0.019776219818444907
400,0.4661181618705138,0.006428795564726062
400,0.5894973024721706,0.032233440813713266
400,0.4892308300879829,0.016361318099339828
400,0.622718231829716,0.009462488570574523
400,0.5423067671606988,0.013937350278499183
400,0.5350873121495824,0.015672282022492712
400,0.6825736451155545,0.028058123015047842
400,0.4353860899662362,0.010565568976423911
400,0.4386536020747481,0.022545755931431932
400,0.4680723272646295,0.012932302900381387
400,0.5664362676178181,0.017785059693365746
400,0.5147604004354809,0.017790105156766822
400,0.5675408882791941,0.021677238735589355
400,0.5683970977286259,0.018517967471040064
400,0.5020324579217993,0.018127354047950878
400,0.5501711490335203,0.016911380353970218
400,0.5079349587878955,0.009314619146932318
400,0.5059402435354011,0.02415980607158197
400,0.5037767111761936,0.007754497086226442
400,0.6563944240879778,0.019088757385971267
400,0.5379867399541005,0.030354276759498422
400,0.4825132568840258,0.0078617505936589
400,0.4606019655840461,0.005895926380784511
400,0.5274687208842199,0.010209976968339474
600,0.48606430773038833,0.011411431328259836
600,0.45855976527762177,0.021426985335648352
600,0.44038203924594155,0.026157460923067477
600,0.38018782690895064,0.020287263613855355
600,0.4961118994918518,0.009988758288502986
600,0.577108410557733,0.01363382288681958
600,0.5857444703010981,0.021924418712961247
600,0.5089872831873967,0.00822461979339395
600,0.47667170466799846,0.004019252181551747
600,0.4342139574721727,0.012767230567239163
600,0.4462779398349772,0.017576576899084206
600,0.40732826892000096,0.009941157980936755
600,0.6330074422549267,0.0044983251984603845
600,0.46035086682642157,0.010687266550939656
600,0.4671712212531546,0.0019482933707322125
600,0.5141471607728241,0.014062994394308692
600,0.44833755244883733,0.011831445545875053
600,0.4433637087273522,0.018345057842678036
600,0.4783035393662189,0.0037132452198221466
600,0.48147060683118276,0.009677218365954698
600,0.44752914660330523,0.009245130137458002
600,0.4344103952585001,0.007644588634549976
600,0.4451769956395984,0.012015565670197459
600,0.49054325171007335,0.013607614250501943
600,0.5167669588325284,0.010487900865877808
600,0.46878806404008366,0.013128703553466523
600,0.42799123485185886,0.005657001355109159
600,0.4118281464769951,0.018576980877401006
600,0.5432868935237848,0.009279906152903639
600,0.5296372176124124,0.006498275707275569
800,0.47982247195983097,0.01150016786698349
800,0.5525347764510995,0.005970108907908604
800,0.39882536874144336,0.012639378244745592
800,0.5112549455905372,0.005292123191253051
800,0.4539520424490101,0.010593200487075016
800,0.4779938889116568,0.025009924818525597
800,0.38690074120632195,0.0074743452319323556
800,0.39848770101026343,0.013342531941187508
800,0.5367401356639137,0.011279799575546035
800,0.4677227541899776,0.00922719047301257
800,0.5117433977620199,0.008032688076786476
800,0.5111571418206461,0.011201211499134778
800,0.42894281230167897,0.011620887546833325
800,0.5249582902984586,0.0015347409570898307
800,0.40696240478910195,0.02051842734227094
800,0.35576784979251025,0.0025740924540073955
800,0.4733615455828823,0.010258474241422899
800,0.4639175781318512,0.018937659180249256
800,0.4508617255216857,0.004101749345584826
800,0.4547907496679603,0.014341425849434097
800,0.588389703632396,0.010723394429157596
800,0.45678420031962225,0.01535260685696227
800,0.45808127290281986,0.01370837752228371
800,0.43023187170784893,0.00963623236754274
800,0.507204710081619,0.014802653814887545
800,0.5666147861708317,0.021844610865711322
800,0.41253362073011535,0.011497824309534721
800,0.4910943675986286,0.00994410579301737
800,0.37471226740684915,0.018788381628340955
800,0.38605284346271723,0.00999295742502615
1000,0.46966391435438976,0.007211059423263055
1000,0.4547461898762984,0.009934458193184836
1000,0.5054915340638283,0.006618366835868028
1000,0.4152221760886733,0.009089752503702808
1000,0.42771018068407063,0.006235637025925889
1000,0.4272353470091373,0.007266878108702857
1000,0.4213662954875771,0.005569298075886797
1000,0.456964162906956,0.015999342786776838
1000,0.4088806025509659,0.008367213827275788
1000,0.3985418817401604,0.010813422974235376
1000,0.5013362950070759,0.00492465894790491
1000,0.4411005959884304,0.01222542049795039
1000,0.4263477581152201,0.011297897906049181
1000,0.4836871253297161,0.01119187878954997
1000,0.4924921509360116,0.005218063928285499
1000,0.5009507091188634,0.008455130323150411
1000,0.4912743159158026,0.006543508651875906
1000,0.41347672063915986,0.005470653217685584
1000,0.44812286119774025,0.007686790438528046
1000,0.44166117007003824,0.019032995239726347
1000,0.4239633920592641,0.002188858741721811
1000,0.49817211638487424,0.01499824493248525
1000,0.4118341907237534,0.008158060817451851
1000,0.4455285868787241,0.011727767344495987
1000,0.4212676276608847,0.004964411145035763
1000,0.39236350642542306,0.007768561539880814
1000,0.4770602461848731,0.013308289201146684
1000,0.4964022036842213,0.005287088103089754
1000,0.46235324674610473,0.011524903815014467
1000,0.44958886986543817,0.0072065879066181004
200,0.7741096196160763,0.012959289728879275
200,0.5521351138518378,0.011818316985817034
200,0.6468896368391285,0.041175172003125926
200,0.7195715219142045,0.017781637535324135
200,0.5531493094977528,0.023927192141220077
200,0.632551303849241,0.030479239094882427
200,0.8929630475860044,0.012842709766378357
200,0.6430224373072484,0.022949704771324964
200,0.6416168710447622,0.02126324700805904
200,0.6481932709665665,0.03074857457135212
200,0.5390908431108904,0.028723408625013436
200,0.6067777712290556,0.019277412795202897
200,0.6503206756492571,0.020864175869967694
200,0.50420462219783,0.020250548752158457
200,0.652554634344784,0.01861518757771911
200,0.5402744821356245,0.027892099420165847
200,0.5324762557491585,0.013826371197092405
200,0.4839339897615722,0.02876530013023931
200,0.5813963049186356,0.019514116688952088
200,0.5305199254804029,0.030886240658127506
200,0.530913186269357,0.03920175910596213
200,0.4895057104247118,0.006553161304445332
200,0.535033644629746,0.034539254635151284
200,0.6669561104054311,0.029157847867873343
200,0.6117979936009785,0.027286454017275363
200,0.5069707999016453,0.032509352160112304
200,0.5312769809407345,0.027884056638866506
200,0.4735642467232676,0.03865791248141548
200,0.6994848665323496,0.015091432289841389
200,0.6074730147014833,0.041846652410143514
400,0.5848332768608477,0.01058425141905628
400,0.48850745082461855,0.015600778913855029
400,0.4790958430866508,0.010605314055776693
400,0.4848437911466985,0.012444014082131078
400,0.5281234889014284,0.008273476992582525
400,0.49469285626367127,0.00804121337105701
400,0.48653525629726757,0.015712545461255445
400,0.5292015181320414,0.010920653773610622
400,0.4711223703024929,0.017120540774651083
400,0.46131761285004685,0.005958299242493803
400,0.43900879670253257,0.021224355977790488
400,0.5237255733539604,0.01862903667719551
400,0.5706072871967924,0.01060164290703458
400,0.5708442663018345,0.019915619033996634
400,0.547618144334891,0.02180525890428897
400,0.5335744705759625,0.0033081080620037673
400,0.4521055307726594,0.025860039532400014
400,0.6054173436445724,0.015315426173220015
400,0.5179326374593323,0.034860451894066724
400,0.8005656764153499,0.012179800720788954
400,0.5128115465029561,0.008186004467233943
400,0.4136159476893678,0.014601093257924358
400,0.565623835881554,0.010768194717561963
400,0.47467084154504224,0.014841199427795765
400,0.5663386173973031,0.006990809421622972
400,0.49600083470040995,0.018785287033662158
400,0.526668796963658,0.014503283416069102
400,0.6105731404989989,0.022273061234444835
400,0.5271977127725266,0.0313201630668456
400,0.501711506780829,0.024156529610233957
600,0.5622031386381725,0.00792963009515052
600,0.45649753349320465,0.01339341565500616
600,0.537165795185876,0.008102953062477825
600,0.45993987494563354,0.008197622012560135
600,0.5278543481655689,0.012291281694310374
600,0.5308194572894509,0.006755545300975552
600,0.4551519139317635,0.015847010902171554
600,0.5186892725424679,0.011742616870464793
600,0.48012029497323894,0.020670957690695824
600,0.47631178178566513,0.012413883231786826
600,0.5154897126003519,0.010637409730823943
600,0.5008871671581243,0.009096616342588515
600,0.4236342187765653,0.022097142423811444
600,0.46171554420957156,0.012180247627366914
600,0.5346562852048713,0.00572905191158659
600,0.44784502487293343,0.01211901007333782
600,0.41966000992471786,0.008156485021530348
600,0.546588987215505,0.011202760267789883
600,0.5026226210077208,0.010918361025981253
600,0.5041278289987708,0.015263266300866163
600,0.45527867891342655,0.0074254403813132554
600,0.5868480557181917,0.00993693844621868
600,0.5172289368490497,0.0022783007384370446
600,0.500637499130947,0.01231874288529739
600,0.4883225810635787,0.011123295036848613
600,0.48698772401923807,0.0074953540312365785
600,0.42117724989984406,0.007461364583078223
600,0.4547814818723464,0.009199070392541087
600,0.43611510268530335,0.015968210983897224
600,0.45422082889491416,0.010648967880021565
800,0.45116355857604995,0.003569163067649206
800,0.5361078555495923,0.014868357560112955
800,0.5041057435550848,0.006590954568137075
800,0.5335756790806079,0.009497295554170337
800,0.5229633695732417,0.018896140912356807
800,0.43630514634377277,0.002990602906614237
800,0.5408190306079087,0.015862149193446418
800,0.48213624574814595,0.003038597619673733
800,0.40640292113796034,0.01641073882316757
800,0.46734505446870467,0.01513270582081816
800,0.48637135219369293,0.006064585147711021
800,0.4670747166854958,0.02054762883107686
800,0.4972468695630943,0.018534669553252003
800,0.5185297075179736,0.007610863565999715
800,0.4345587746610664,0.0029593140373178617
800,0.49460575893702,0.01365290839840494
800,0.49157996732195497,0.012170500780828819
800,0.555839348285871,0.014003573892070298
800,0.40059170152400714,0.006293332778005589
800,0.45579897944625897,0.017425933477067446
800,0.390067191650302,0.005181314554118299
800,0.5208506049904069,0.00663107914091686
800,0.5140420644023282,0.020268474865619224
800,0.5858176144102747,0.0024008234571231135
800,0.43979011130794804,0.008025918655177877
800,0.4553943513079744,0.017803531996898547
800,0.5060580669423187,0.016819730885896167
800,0.4069054937226853,0.003032625034076253
800,0.4601240677444457,0.015537437341441862
800,0.46226486174916126,0.007869230001988876
1000,0.4030634145008103,0.010377105202537984
1000,0.5263296964017653,0.008916945379328078
1000,0.47464545537209746,0.003392248487184224
1000,0.46841212367386664,0.010945632523848836
1000,0.41972256281826475,0.002547658777476869
1000,0.4852044334856754,0.0039049034399022556
1000,0.48917849933923396,0.009498342690570816
1000,0.5435446445122137,0.009890847454979257
1000,0.38230412831707733,0.011128794167515917
1000,0.3753529750494942,0.005501034485916767
1000,0.4758862913906579,0.004583173749473257
1000,0.5101175837368479,0.008564493718819843
1000,0.6026298184643577,0.007729101084945644
1000,0.47244794391840045,0.012390887738879641
1000,0.40039694635372036,0.006005219714930066
1000,0.4902658673003016,0.019120268237515115
1000,0.4587231972078014,0.004943250438453228
1000,0.41409734739964815,0.007568796785276666
1000,0.48904940038882644,0.008216004485599527
1000,0.4404413056160775,0.00793079663917129
1000,0.451328089182455,0.00978306993604372
1000,0.45054149925361947,0.007855205440318924
1000,0.43803231749298,0.009122602900929921
1000,0.4749008473309237,0.006492473723429093
1000,0.4062622479399496,0.009122580928960122
1000,0.4099481871953657,0.009064769186036825
1000,0.45978503393213943,0.0046479946250106005
1000,0.3924544854854727,0.009733839611611117
1000,0.44740009984615975,0.003823271844980423
1000,0.5143656447940455,0.019478886619091806
200,0.6126068220841214,0.03277623509428504
200,0.6852302339675705,0.01493363325159134
200,0.5503615097875717,0.01763243162817263
200,0.5180131317029604,0.03037591863450273
200,0.6228193780523055,0.029404491020900814
200,0.5453344025306361,0.016680048969110794
200,0.5653030926039719,0.06426505031226148
200,0.5883061016820089,0.018640784497660157
200,0.6081716923729195,0.01443646269646126
200,0.5926983185397232,0.03488627348851281
200,0.5419627358018018,0.023780557273585967
200,0.6749851389359427,0.02204931293814083
200,0.5699504826379824,0.018778050053219753
200,0.5969493532349677,0.031593810827604596
200,0.6335872823378719,0.038895010099546136
200,0.5978164446645831,0.010740320196564583
200,0.5634881999702555,0.022376039334903286
200,0.7136315503014395,0.019441935614446737
200,0.5355810161528125,0.025941438082721806
200,0.5220259277018227,0.015203377653780548
200,0.575001159181164,0.028676404108495923
200,0.6463812876330058,0.029860199010417025
200,0.6382541332608517,0.03630055948055477
200,0.5521157154007748,0.01772349251359473
200,0.573367879294904,0.02286317441547614
200,0.5421204545109073,0.009516424150032288
200,0.7078751350375339,0.026285121102827547
200,0.47680981188943083,0.02326163689052393
200,0.588196797681414,0.03036787117259976
200,0.5091634809458321,0.02261797839911006
400,0.5353284931887705,0.006639331367749746
400,0.5632359499383226,0.018242166135683524
400,0.4946689881135964,0.01808811929971199
400,0.499937695762482,0.02641353822078263
400,0.5205623957711919,0.03004661007007936
400,0.5624138321414351,0.02774204549937731
400,0.47928572405543235,0.012013754607054228
400,0.496018193701981,0.017523367626567143
400,0.6056316574755367,0.007625898797180927
400,0.47396514906907117,0.015374001317028041
400,0.5328800707217398,0.024886477636155258
400,0.6194255861729354,0.008634129341399177
400,0.5154587710415459,0.007706687151924463
400,0.6117047909521135,0.03723007269358325
400,0.5221400591931376,0.00959115074425232
400,0.5802190860439513,0.02192866658106385
400,0.5658595396075929,0.007325475540001625
400,0.464550959789987,0.003896485786887467
400,0.47216716713878565,0.03356860114042748
400,0.5099426295644827,0.012779385814116084
400,0.4745591970192498,0.023017379342235467
400,0.44034020767425497,0.029311768981500785
400,0.5102789263758528,0.024685440798624114
400,0.46074284951891015,0.013909296142780964
400,0.4486920438074099,0.009372911229622138
400,0.6149476609637439,0.019372858533210247
400,0.48982045077182185,0.008023577945514187
400,0.4802011325153935,0.020743956412290654
400,0.4602041444780378,0.01033848794130754
400,0.5260058430774064,0.014357523145032802
600,0.4142361434602203,0.011000751895178087
600,0.43309439736434985,0.0120091131368536
600,0.3849832241969176,0.003618739766513057
600,0.4828544060518897,0.018090299970597856
600,0.48840776611116965,0.019706617308898
600,0.42944651511832865,0.010520482873740156
600,0.46173117083544796,0.019136991679197024
600,0.47314217765185884,0.010464716318062006
600,0.4876582757165292,0.015075147243632347
600,0.47438605635646125,0.023040739016048084
600,0.4677500043116902,0.016372770682649085
600,0.505893651215564,0.0052038254263017825
600,0.4830194411647817,0.016189482291002033
600,0.469724240466873,0.005353864385356519
600,0.4849109304427677,0.010943878327834833
600,0.435167177668509,0.006354657690014975
600,0.43669096610567526,0.010903162769665131
600,0.43270984628237574,0.01743812854209681
600,0.4498990754483316,0.0077102468410621405
600,0.4263849928701877,0.0018317188666934214
600,0.4521817095508237,0.015769965962293964
600,0.5061263022864346,0.009623557364405233
600,0.42190264327019855,0.008387108424993461
600,0.4519601439680283,0.0038014569954920585
600,0.45419627919900313,0.014506700934665107
600,0.4713360128896124,0.009183091257133458
600,0.47996949606658096,0.010621779862685199
600,0.49823266589548215,0.015801172579745892
600,0.4742453669201502,0.012147706550928117
600,0.47136081742807323,0.006470958694281825
800,0.4294791839695915,0.007664433048441444
800,0.5408326053570797,0.0063798395890389825
800,0.4845134470793783,0.011561462476783024
800,0.48238463866527886,0.012129916715409417
800,0.5023855576394062,0.018106755341707803
800,0.49685064186768324,0.011910563641879257
800,0.4514207141179266,0.015136847993833413
800,0.5284759346808827,0.0045416192379312825
800,0.5165189257518418,0.009572122483800127
800,0.4959453350473857,0.015157360717172663
800,0.5173463986870521,0.01664205853728329
800,0.4717838717915652,0.010366918679571069
800,0.513301379894161,0.016398373747827266
800,0.5447310021076273,0.0057519946680884
800,0.5493514573356668,0.012162483820762793
800,0.5701719470026123,0.006939954161937489
800,0.5006531379387275,0.007311145932762164
800,0.40730660253548057,0.008541578939730787
800,0.47067154011173223,0.011555798577614684
800,0.47884228735617307,0.009114991040604536
800,0.4306215944037679,0.006895463544410729
800,0.4418484515264044,0.01565352556576194
800,0.5452708961103925,0.00985114635665707
800,0.5675967526803466,0.0038221615665392505
800,0.48894343350320163,0.005686426626535068
800,0.4761457621804268,0.01903507439141716
800,0.41127974983557786,0.012163703565093886
800,0.44323553992997,0.023633897920519065
800,0.5114067049204537,0.008493539769156613
800,0.4324999144662279,0.006633456284049988
1000,0.5538163253803932,0.007750236564489921
1000,0.406104257784979,0.0048966979834971225
1000,0.4528650974215959,0.009135015860782358
1000,0.5100328743483178,0.004360491813802936
1000,0.4178541415949571,0.007278204436532376
1000,0.4798646556161756,0.001978732576859099
1000,0.3924656888981611,0.009653367498455134
1000,0.45989963652586097,0.006553302456877574
1000,0.4948609577801992,0.01216540136076616
1000,0.43670624710262085,0.004545745432523063
1000,0.49125438091464535,0.020252644727922098
1000,0.4570124044289799,0.015006543507791958
1000,0.45798327952734075,0.007469838809264218
1000,0.5393451213465417,0.004147128004615624
1000,0.4463211955293471,0.008922255251142985
1000,0.37040675871452466,0.012076418990168314
1000,0.4381199488576093,0.00992694324505572
1000,0.45526594915468344,0.01208041052636366
1000,0.47899670593257515,0.0041198638589097225
1000,0.49055539125593883,0.012407226624740364
1000,0.4590286619494689,0.01887988881203362
1000,0.5110681659155802,0.010447098064861327
1000,0.4733256302964732,0.011330200451034056
1000,0.41369516319187405,0.006078925514655165
1000,0.42300689409484554,0.009949503316304398
1000,0.48065724545128596,0.011477469492015446
1000,0.46534214688390024,0.008596018440932163
1000,0.5364488487440014,0.009818976608618524
1000,0.3841396249795075,0.017753373927922755
1000,0.40400505555215277,0.008787670243148193
200,0.7433711484394723,0.012481568314276048
200,0.48946605195020887,0.019272479999051573
200,0.480652851999785,0.045016370821966745
200,0.8172871309023161,0.022712978278626172
200,0.49321085441410906,0.016437343128010484
200,0.6182104891332544,0.01554065053689424
200,0.6400486865800683,0.02672509598405448
200,0.6010817105976092,0.021452278313815132
200,0.5808459968271888,0.022195645216966486
200,0.6659623517736547,0.034983414301371196
200,0.7116246949395348,0.027313477703721167
200,0.5987817546979459,0.03447008870225443
200,0.6938939769758576,0.030015764737586492
200,0.5353439886551166,0.05570617000247102
200,0.5774073466167549,0.03228579293066991
200,0.4915057005675991,0.023591646802087363
200,0.5221871903336629,0.024468785608614096
200,0.49656512219662396,0.014725816288196025
200,0.5612318688251319,0.035479593335532224
200,0.7024906804230602,0.02439629508459662
200,0.5054121444396089,0.011058464305401694
200,0.5939154664203918,0.013740872031937412
200,0.6105208848907904,0.026394358828959463
200,0.7227475206830447,0.02299239376850748
200,0.5808585866944005,0.022517849641392362
200,0.5235990949748062,0.016915150435502957
200,0.5431835866310042,0.015092862843192112
200,0.6726316604308995,0.04857418109093681
200,0.6763810482560957,0.0164582400371438
200,0.4836352875410752,0.05050168100768282
400,0.5681328365988942,0.012091534050625352
400,0.4416546727097042,0.008848147934021333
400,0.47733339002340847,0.005971695096365748
400,0.61995731384342,0.02322368804331698
400,0.7295750589175474,0.015359825135267346
400,0.5128957912115661,0.007347256227562494
400,0.5061219027127548,0.013327777691787057
400,0.45915092133287216,0.009598240714503659
400,0.44906535773722067,0.013079165773688617
400,0.579869447516129,0.01846586122872429
400,0.507438623038154,0.015435101907955495
400,0.5873650621855673,0.019310920740745363
400,0.5307402294732609,0.018944392812178634
400,0.48848153422340257,0.008301958288731464
400,0.5247781628129126,0.021514515947344326
400,0.5228435170169103,0.004421142991723803
400,0.426467455559173,0.011791157016861398
400,0.47983878312807915,0.019843914205492252
400,0.5304603683869491,0.038064832463602816
400,0.5192277081551349,0.01725944932658785
400,0.4673226753507632,0.015948356770725258
400,0.5080534461098264,0.011673033292500579
400,0.4411417991838665,0.001870447312556145
400,0.6975596009749627,0.02057375027421382
400,0.42764789670211517,0.006302554768010812
400,0.5152867436221973,0.011577979529182825
400,0.491722368381066,0.01253939503380962
400,0.4589892151456898,0.01913139173424261
400,0.5966337227518836,0.01236348436415624
400,0.6524373219868296,0.02176551024570994
600,0.4516904995232987,0.009820647210611266
600,0.43915867124045793,0.021930206233578442
600,0.49202465529989486,0.011472118581133839
600,0.5103032179701358,0.010613943208931387
600,0.43216666439397117,0.013707024688360603
600,0.43325608840926644,0.005577050297668973
600,0.4870828229451685,0.013377896104005416
600,0.4606251933754535,0.006489233207568557
600,0.5922787811173633,0.0036333258030015747
600,0.5020907129162384,0.013844760049505078
600,0.5787708741372392,0.007015129198874259
600,0.5136396081490326,0.018303767041817798
600,0.4931592726854639,0.0066695984779538975
600,0.46073497390362494,0.023519426715088887
600,0.5109653190591846,0.02616609278193982
600,0.47376045571322634,0.007113039039015945
600,0.46025712010939607,0.013220859380623562
600,0.43487540662468743,0.011503265993357492
600,0.5439272178622494,0.009860203205475981
600,0.42047756272363823,0.011013580219384755
600,0.4761525156636376,0.016100277685330955
600,0.5231418067781249,0.01597697814252319
600,0.4970564144815259,0.014004266856376256
600,0.4674799037509245,0.010176589638134281
600,0.4585226024239117,0.014173797397703192
600,0.4268809019860543,0.021017131502429454
600,0.5503960653954155,0.015214819570532612
600,0.5106909657216889,0.010087966687696959
600,0.4928110310630336,0.017730880551502848
600,0.49113571722891886,0.0066877256879825375
800,0.44350785025266815,0.0064344982924755545
800,0.43031756020425593,0.012417018457703044
800,0.4965699390085223,0.002966679139541073
800,0.42485124825893317,0.0041789674900353235
800,0.4483883580194803,0.008749328266215883
800,0.556386228393311,0.010063141706171619
800,0.44708234777760336,0.005322100586816925
800,0.46044343798395093,0.012332344183211275
800,0.4848984270262791,0.007222418059827707
800,0.4612706612247599,0.011037239453306258
800,0.4444131415140266,0.01266548083139063
800,0.46843825439302916,0.011489994793421054
800,0.4509827944939656,0.012732112238658222
800,0.4241867305339279,0.012271274603458025
800,0.43192723918300235,0.0048388567635728194
800,0.4512155519891913,0.014979295350987742
800,0.4700417620157747,0.002561063104587147
800,0.40504565838506756,0.013829676374659039
800,0.4894538965252062,0.012952723557097867
800,0.45590532638361136,0.004187814612494956
800,0.45008603509051315,0.012969619691353573
800,0.4481905502857438,0.0098071540622513
800,0.48139346964108226,0.0035752297825015233
800,0.42264252647510414,0.007572951527926142
800,0.4307407225215726,0.003712747230149707
800,0.4831869703124578,0.016416064004053377
800,0.5167708555130658,0.005285349885298078
800,0.5390267148368567,0.003359559522138955
800,0.5058892541996806,0.007730344367404385
800,0.4868357390769089,0.010472324636848773
1000,0.4891996179817539,0.007381319422830046
1000,0.4119243320579859,0.007083727329530776
1000,0.3908837685528004,0.007649131265843212
1000,0.5099554004660887,0.004758401863223738
1000,0.502730066354143,0.005661722358854537
1000,0.444372528984063,0.008533510896375107
1000,0.509443032314412,0.01747165154068875
1000,0.44420047419770636,0.011132190820354548
1000,0.37998725183103244,0.007029540767249376
1000,0.4618059579833993,0.017061845042210866
1000,0.4554677332612995,0.004631261553872252
1000,0.44853618445391796,0.014293017318438572
1000,0.43852891861191196,0.014139023672176121
1000,0.43154223721338547,0.005112286511452013
1000,0.42146191754714946,0.0023088787501512886
1000,0.4448185948566618,0.01125134488838353
1000,0.3872989391826318,0.00603453305937407
1000,0.4641980848236555,0.00826000148143069
1000,0.3930227566642015,0.017116853966417378
1000,0.4247378537198926,0.005195171346968452
1000,0.41570741885652285,0.009792221109385268
1000,0.4741155123148101,0.005754276438790673
1000,0.4563889319338568,0.0069476261587544386
1000,0.4548599735493077,0.009211111581073572
1000,0.40241858807868175,0.005027830519826804
1000,0.4594960566944603,0.004461245067602128
1000,0.48868624832439106,0.010340140766344375
1000,0.41787646387749366,0.005178890355081345
1000,0.4184674466238686,0.017917674277559748
1000,0.46250869751345736,0.0034761611244327195
