200,0.5313080905506821,0.013201936668990166
200,0.5209448136396013,0.02244671161630518
400,0.6299845404750836,0.0060802171782041725
400,0.4576748168092969,0.020254025920919183
600,0.4231414640253879,0.007451398531256093
600,0.47957760173135333,0.016439592930226152
800,0.4970120462130076,0.0071784964533385676
800,0.4674290322463573,0.01015318179642157
1000,0.4347957463539348,0.007463458341190443
1000,0.45036561484885085,0.008019132272288676
200,0.6322761991929261,0.01878237911140479
200,0.6543909062903108,0.044081318332908515
400,0.553817978690549,0.021888965780828995
400,0.5478709743295577,0.008605509275561429
600,0.5242183874328613,0.013927445359286583
600,0.43333602200179133,0.0074132896795875425
800,0.4680376401642521,0.006557340616090701
800,0.5744314104425694,0.018994413562578805
1000,0.4691484546517842,0.011450954659248058
1000,0.3859366585327261,0.00979234477646096
200,0.5335749473930204,0.016658519460182042
200,0.5403148442213749,0.018412499833624585
400,0.4626174978851544,0.00957075588383793
400,0.48271545660361626,0.016402359895120844
600,0.4878484679977435,0.015265287636565539
600,0.45577221271421137,0.012057850303017537
800,0.4859424562991853,0.006432614437375861
800,0.49896822126840934,0.005664752964410158
1000,0.4009102396588757,0.013121354142152652
1000,0.47422804923460354,0.009700624984239275
200,0.5262777862674608,0.019424410493808386
200,0.5314040056937844,0.005674379676492205
200,0.7358901787331834,0.037139069535455205
400,0.4964764844442583,0.00691067622356778
600,0.45395928873489905,0.013483163352783878
800,0.41585861874026775,0.008619362536949393
1000,0.4071861717906267,0.006691627309193926
200,0.5228910993653229,0.022725261545871955
400,0.4919044795809753,0.011096838097807296
600,0.5725498162095125,0.009848514918390006
800,0.38584382630577846,0.008159351270728199
1000,0.3925851794614418,0.006167527461451439
200,0.4891920326474826,0.022273178808593475
400,0.41874697073332773,0.018181321856632016
