0.62428427187331;0.6125939277439545
0.609213411394846;0.5959859963270414
0.6128601502509984;0.5994216178101036
0.6267563722647512;0.614984589856284
0.627936317866872;0.6234956556528889
0.6130885677866168;0.60050496327397
0.5969728282274109;0.5832231422914247
0.6319632554558857;0.6265246347371973
0.6395163790512117;0.6386601648249652
0.6331445234801376;0.6248409016427758
0.6084352745228361;0.6046298402125483
0.6065084940157119;0.5919175889438953
0.6267223658312973;0.6197395979890487
0.6157809710893546;0.6087369277825301
0.6235599358175368;0.6111848686082765
0.6308095380325557;0.6273768399055148
0.6303018564272377;0.6242846541321379
0.6083365590742785;0.5901022860159442
0.6243857010297448;0.6201801700362685
0.6053320497968776;0.5966897981082043
0.612622672468511;0.606486016573727
0.6285932031449334;0.6161061582475987
0.6238203856736757;0.6141083176195912
0.6332385900534663;0.6324486739797626
0.6045329042540377;0.5956626375993862
0.59513890085653;0.585203396839533
0.6150032174065644;0.6013113376144092
0.6057540992060949;0.5962908623364245
0.6068074533718774;0.5912660029254844
0.6017743778209811;0.5855446279868618
0.6136220295639255;0.6083387037350778
0.6075845525952333;0.5995624600724264
0.6074666447379296;0.5999587958221603
0.6314170308931333;0.6185112927282721
0.6323268539192336;0.6153572311519118
0.5979744157831606;0.5839332919869076
0.6180476247364122;0.6118595786368788
0.6050062649041535;0.5980389912776097
0.5944624483355044;0.5898352546303365
0.6154138167316671;0.606184242392455
0.6059474027508069;0.5913112090320526
0.59503537166348;0.5881248767390789
0.6253776481967672;0.6244175232962343
0.6010872231254712;0.5950727806830551
0.6283149717859902;0.6238793306450655
0.6383933818347891;0.6305089606053491
0.6229503524409876;0.6143343670308864
0.6263718046879487;0.6192886257893883
0.6011696422523399;0.5935581609546812
0.608722031732342;0.5937649307409582
0.6102949138983643;0.5948407142060037
0.6121122452670411;0.6005565924467121
0.6334016483876891;0.6211478032999843
0.6185779901779765;0.6192139512517667
0.629240126320569;0.6261872744490793
0.6021709901619752;0.6001809254976014
0.614251350276604;0.6001063127950308
0.6155260248532013;0.6114017729818181
0.6064324035252904;0.6005811468335605
0.6422855785125746;0.6325613152631199
0.6147378378673085;0.6092412193175742
0.6050919705662929;0.5993862612636326
0.6332925141054941;0.6305686039585598
0.6026384276072743;0.5946295174268259
0.6209040006638282;0.6161367535606475
0.5998438042020371;0.5928809643887459
0.6007345880841864;0.5897265496729404
0.6244036743180865;0.6197513094301594
0.6252965470543479;0.6179602362860451
0.6164863772639828;0.6027957266228764
0.6147588095702073;0.6070537826270338
0.6089561089828694;0.6096211164850259
0.5969387660495238;0.5764025031318482
0.6116322962178978;0.609514040755765
0.6209863245086374;0.6135989211139001
0.6294047511796332;0.6134143559758204
0.6441620804594018;0.6292983700820285
0.6007091508925078;0.5980370918959991
0.6088229729903467;0.5973002744767427
0.6311789940607325;0.6245166217915082
0.5959195856686542;0.5928086152536461
0.6128390878289555;0.6112660894157232
0.62843797643703;0.6198971068644996
0.6157705628964559;0.6046510767336902
0.6229316537432373;0.6076665252487152
0.581376753032511;0.5740469918672957
0.6085556225194432;0.600525317983883
0.6322329761907701;0.6347246323045964
0.6045960942988058;0.6022805000474377
0.6157556826601931;0.6113024439956108
0.6145989821804835;0.612819251496069
0.6155263962662764;0.613492596905533
0.6295140226121052;0.6207411115861463
0.6166598715611239;0.6077358452843178
0.6154647094827482;0.6081718284410592
0.6380805208195671;0.6278055835871866
0.6340928011766059;0.6304469484001566
0.6281325620019561;0.622801665607728
0.6272131922519909;0.6200128288004373
0.6291300661311181;0.6231238833993938
