200,0.5130053604412925,0.04044783660590867
200,0.4862744942130135,0.007413336830035866
200,0.7475248459942744,0.009079597560364583
200,0.49549836720546764,0.031136193171137805
200,0.5798118957162064,0.015678240390138667
200,0.6690139612598205,0.026415482465637647
200,0.6545626538570788,0.03450785065595663
200,0.663629070375264,0.010198005261938592
200,0.7110436648469358,0.016053417515190516
200,0.6226829253940828,0.02134322157789348
200,0.617733341861102,0.0313763102477389
200,0.5688561249191055,0.027139629862535708
200,0.6119558408945319,0.009397840185095319
200,0.5716959624070723,0.014842208047494365
200,0.6322028046261348,0.015244940952118702
200,0.5558609652399084,0.02321258094669043
200,0.6903751623725349,0.02573909936971508
200,0.6935033196451855,0.03183722615159379
200,0.4816791431779587,0.032487815747886395
200,0.7767890288133519,0.052269155701558656
200,0.5488188951511996,0.030767217477332798
200,0.6474218748939221,0.020207400128908648
200,0.6370639290067813,0.01814372648874684
200,0.5390074759088666,0.027253654056696774
200,0.699428020408759,0.03125612119595511
200,0.6070520490682288,0.019660159034555313
200,0.601485562887494,0.015183396896930601
200,0.5991998797691,0.01807426374029264
200,0.8679724537098887,0.012763954279686018
200,0.9476770607561342,0.055367720614381666
200,0.5647441262484979,0.02753476850150413
200,0.6724523739781685,0.01576620028379183
200,0.5700648732401014,0.013145898782765803
200,0.5494415253770217,0.017649185403624923
200,0.6856632139216521,0.024741904923127223
200,0.5333035484618535,0.02205281885817334
200,0.48312865300792907,0.021021100219139388
200,0.4925234727812152,0.037984383548852696
200,0.6492156692601139,0.009509620765242005
200,0.7399817075981063,0.020585941424299203
200,0.8137775474199176,0.022989160789960716
200,0.5433288868376956,0.0433027187045798
200,0.7067237183476157,0.009114099481788984
200,0.6548361953070508,0.026860071844538203
200,0.6651879349680363,0.00873588473741026
200,0.6197102526977656,0.01342639912084409
200,0.5546653777304362,0.04787900215644836
200,0.7230373886399706,0.014250493666904562
200,0.7245242694783615,0.01983433121265743
200,0.4809306809430679,0.011696753266180915
200,0.6234355547854589,0.01730046115408284
200,0.9187652698287021,0.006649165570369986
200,0.5153298460100267,0.022341156198506296
200,0.5471115673771851,0.03668612710921426
200,0.840729870381171,0.03839679417303623
200,0.6145459086066016,0.017174966128820968
200,0.6161690784194969,0.013418335971689732
200,0.6420832433039992,0.010861792170593354
200,0.6729830053356045,0.05129218362146437
200,0.5825588787431024,0.015219581572192886
200,0.6705440936457668,0.021300534338513102
200,0.7023516108331405,0.018585605352400614
200,0.6421005195482263,0.028325320567962553
200,0.7220377633888782,0.022871584902016906
200,0.5408614703547425,0.033429663631652895
200,0.5328314767257902,0.033751006286504515
200,0.612999998364919,0.03953445237202202
200,0.5389238503990109,0.012568715160967803
200,0.6235316585541345,0.008130531968931765
200,0.7507989672506277,0.003210810955595611
200,0.5412208716065134,0.011814101554587064
200,0.5281372628450908,0.0652289095645926
200,0.5004231447284309,0.018969773405214108
200,0.5314886218225225,0.020631000138734645
200,0.593751037014767,0.01888156369113625
200,0.7580835205209988,0.024484127191589433
200,0.690516283317364,0.033083608086710035
200,0.6338115104758282,0.006012340596285525
200,0.6282760892053124,0.029078046579461336
200,0.4905620352912873,0.0016364060223318377
200,0.7808751805652427,0.045797716129285515
200,0.6558828901648059,0.01246047102611092
200,0.563453311818499,0.01279635206372609
200,0.6090581800209378,0.018054548724491415
200,0.7372647992544505,0.036246283470170004
200,0.6812540962959297,0.04515388034067014
200,0.6224426242939087,0.03878854648355712
200,0.6298255032648358,0.018678649385582228
200,0.6456653324546409,0.012795716136171476
200,0.7128828811960848,0.013464383371602714
200,0.5203606859431673,0.02779194619629477
200,0.7970331823370131,0.01962123096399382
200,1.0397184766765024,0.026482934500537403
200,0.729955178519355,0.021803699785889696
200,0.7642810929448931,0.005080981714934506
200,0.7928399019807718,0.010466545525311677
200,0.4910788529593332,0.02985000149598238
200,0.5152417586575773,0.0266032812599028
200,0.6673000048486804,0.028984062611303374
200,0.654982765418196,0.022294806050247473
200,0.5956068255791176,0.01234862119037472
200,0.7080621939711611,0.03372138869229668
200,0.5511102820251448,0.048539443042247665
200,0.6256781775847364,0.007139318162563729
200,0.5928124475361555,0.038240757757493915
200,0.7126952508845286,0.023645700732050745
200,0.5933259055320925,0.013655082496099702
200,0.7321945726531451,0.0063327335816416065
200,0.5474938998160618,0.020165790490962454
200,0.6725110680192076,0.03552099582621515
200,0.6664483341941824,0.02062324848248931
200,0.5757345654643367,0.014624387438366582
200,0.7246417906274688,0.014278413222690745
200,0.6536109802198584,0.01780924817959295
200,0.5952667721658915,0.02409486383660675
200,0.6785828053354624,0.038886211942703364
200,0.6300523055878122,0.016321075122434747
200,0.5366471623647899,0.021053877375582952
200,0.6941194283952962,0.02756876263099538
200,0.5440571804659096,0.0397504322699227
200,0.6224242225641599,0.022430133852328726
200,0.9036651546091828,0.03641818595557855
200,0.596491404505066,0.008383750208671926
200,0.5100286191138252,0.030423128817362324
200,0.5451010480615622,0.020293543702256327
200,0.7416066401977859,0.02171994294172944
200,0.512314652849083,0.013312598565504263
200,0.7029568672551925,0.02531467426266132
200,0.6247333525715121,0.022512683637969433
200,0.673376560189727,0.019195231511961452
200,0.5640452528581908,0.006536966055043836
200,0.7426930378117562,0.03743650472754334
200,0.8081526897695888,0.01309988923686107
200,0.6259395522909704,0.03467320043790645
200,0.5518757448353058,0.01671582430725338
200,0.6100409616315177,0.020535447808390228
200,0.5381615543740736,0.022600242892456
200,0.6911816715079913,0.015724879965041853
200,0.48908905887067444,0.05114484814789777
200,0.533180143292461,0.01543791587400567
200,0.5139139947277588,0.04540287978039936
200,0.6546918459900253,0.020167984339233058
200,0.6107876584373566,0.03027706290008847
200,0.6214027763328751,0.01927296145888502
200,0.6026860569711445,0.017561381628980577
200,0.6982953710977232,0.008827133925521258
200,0.8418924645607878,0.03737004387002574
200,0.52181747392828,0.005613763832193425
200,0.7920920868663532,0.014889353366101143
200,0.5227478589059815,0.009599775470663707
200,0.491161986647202,0.025975194588176653
200,0.8200249882995729,0.008084087906787607
200,0.561618500815394,0.03860779075450277
200,0.6165991865370919,0.008690266814245451
200,0.8026419717174592,0.05646997496726369
200,0.6604201610954686,0.008793351197408475
200,0.602190481238861,0.013726078163936305
200,0.5324153992882992,0.023807821225041048
200,0.5110219454979079,0.039693181007827594
200,0.5851390875421401,0.03216245848045096
200,0.46444589135783654,0.014652135730852
200,0.5239381570881374,0.01423091290533585
200,0.6651254656019654,0.028573203507431755
200,0.7291299379510738,0.01066170207169681
200,0.6656307660047092,0.05149250986643095
200,0.6126119014552255,0.025962738762027038
200,0.6008369717409516,0.021728216902271058
200,0.6173581461763025,0.028625884769396315
200,0.45071303581525946,0.020904468021791626
200,0.538068260850561,0.018021121257912
200,0.6165289723999902,0.009194131305811926
200,0.6402238938332689,0.040625688516251035
200,0.4770878071768364,0.038428910877763345
200,0.5830057116734164,0.015161343640412994
200,0.5907494417216602,0.03955841840458718
200,0.6638643442821452,0.01960194109767155
200,0.631754704622614,0.023386071794439633
200,0.7675853579507043,0.03858215099045381
200,0.6801914674582549,0.033178722549861206
200,0.5470104474908327,0.025318270643447605
200,0.8503131205100922,0.019644010270106982
200,0.680949928387105,0.028391843932621175
200,0.5826185704949618,0.00925035644271821
200,0.63771865433274,0.006585142319236128
200,0.5885435669336596,0.0324676938766602
200,0.7863405826501152,0.02179376786924503
200,0.5697707020783558,0.019247008929218046
200,0.6142726802796203,0.016925060444586082
200,0.6989373476041175,0.053644622982789825
200,0.5108258184754164,0.02404261744283157
200,0.6063698741051797,0.02958532109411749
200,0.6273075745043417,0.021145327333256025
200,0.7555812877676803,0.010094322472169237
200,0.7899769104698762,0.050237219550449685
200,0.6028518827740619,0.03496772297379047
200,0.6077298736252974,0.04314078023236767
200,0.7332378831302898,0.03381912506949125
200,0.6352535521861976,0.013087227797798712
200,0.550995482604768,0.03767400010765831
200,0.4906385769354804,0.01029225159234376
200,0.7561819296311184,0.02690874308910507
200,0.5815843961108297,0.01734714555905903
200,0.7694073608207469,0.010129356222654984
200,0.6364066542580886,0.02120545505002691
200,0.6222248479636385,0.02411584025991742
200,0.5313950539968202,0.01202843867989778
200,0.5425150801279127,0.017003215706060802
200,0.9336686067906828,0.025338206250644424
200,0.5887375793454849,0.025621119303975703
200,0.6800079424412899,0.025320092592720167
200,0.7633025799914186,0.018667269435444667
200,0.7119454697269845,0.018476746972619584
200,0.6135535344002043,0.02141750515512153
200,0.5529340567936912,0.01406400748111549
200,0.576603138904052,0.008894334619174188
200,0.47187817985743813,0.039902166376748927
200,0.8374090594638006,0.009004881329203851
200,0.543303889437301,0.03923373921902362
200,0.5681221949264097,0.04849075377041534
200,0.898410771440076,0.027480584850459122
200,0.49413002830193686,0.028333665312176626
200,0.5361991319532952,0.029015422028930038
200,0.5488960251038086,0.025871562271576387
200,0.6648155466347381,0.030506487504643243
200,0.6062340593170732,0.047594955330724
200,0.6257384255627462,0.02504274655709531
200,0.4269267968193036,0.018491415387211885
200,0.7276954966874711,0.024851856643917425
200,0.5980025314400669,0.027624649612137953
200,0.5721781576824776,0.03200827294441677
200,0.6125755722214379,0.012845987129092129
200,0.5772948190263052,0.028856345176002222
200,0.6454141417092408,0.02146178139657451
200,0.5123036918081751,0.03111524792282183
200,0.5337661798508646,0.02401601958083721
200,0.6419559710118599,0.030379482579998784
200,0.6345268540548813,0.048167389186492215
200,0.6854044673396212,0.04225091518455848
200,0.6159048305296,0.019596306954505316
200,0.6442058379596747,0.01911913693666306
200,0.6503121897645512,0.01569299751593408
200,0.9111520066131016,0.04138581963343113
200,0.5427650556046455,0.01493606506391476
200,0.6441190636601827,0.01778189734623703
200,0.644932506821035,0.031962483887989834
200,0.6630274228970441,0.014360946799721335
200,0.5530799422903732,0.029562793096919584
200,0.49655423608174293,0.02020066885344929
200,0.5866390438706215,0.017829270781447713
200,0.6861424614402264,0.02235382078513204
200,0.9188102975432575,0.024071898850217766
200,0.7251657468665553,0.0339699157828454
200,0.7771416145783945,0.049277933987644795
200,0.4487508739126456,0.022567439746896012
200,0.8759242545485322,0.012980494194371675
200,0.5375208380023754,0.020724935416856244
200,0.5661909015542047,0.026661612487240527
200,0.6669146885619732,0.007575923183589295
200,0.589467979529948,0.023033687945093875
200,0.5547393180512693,0.013216452287773628
200,0.5540790969111316,0.031177210695972547
200,0.6224960844361136,0.015171967962530014
200,0.6138985162596688,0.04563065221880125
200,0.6015834453540005,0.043680032647580136
200,0.5288825634440846,0.018346860831079892
200,0.6389618926137538,0.037191904314532565
200,0.5341385734621555,0.029038902152249024
200,0.5732876883375795,0.0223577515562543
200,0.7033925106003913,0.01907032373657027
200,0.5754567100502019,0.02410811479385495
200,0.6623792176937803,0.02227791019456049
200,0.656447380735258,0.05412023309743086
200,0.5594796724035183,0.014526416623491745
200,0.5456736540248084,0.01626728812857059
200,0.7610096687527493,0.03510185474274563
200,0.6511068058525208,0.024419664490365367
200,0.6391278208356932,0.016305425074129905
200,0.6411596784317369,0.009334878876305826
200,0.4973777720019844,0.010788907448823437
200,0.7089969012521871,0.022713985382275596
200,0.7523569718439405,0.004602203718773471
200,0.5628480561126162,0.00887326262497723
200,0.5761560916132987,0.03605733557195623
200,0.7189477977590362,0.02787165929130716
200,0.5211411540583017,0.01015704627072378
200,0.8158354830981258,0.01714828157615811
200,0.5691512375115402,0.046073059959405915
200,0.5574539610934868,0.02378563340888029
200,0.6272257771136704,0.041425763488002865
200,0.6425355257300263,0.014268962300391493
200,0.5096515380305866,0.01345224540269041
200,0.620673987238945,0.0650774841941193
200,0.7146764731304932,0.036402978109716044
200,0.550586481492221,0.007749526593406775
200,0.6124171421185423,0.023498547684976723
200,0.5137284266817363,0.012154607857618294
200,0.5799300564691147,0.013954778609843732
200,0.6404309448970764,0.04612982962638257
200,0.6192459586185579,0.009510354037552491
200,0.5451206579174794,0.005265429036537594
400,0.6685347105090287,0.01200959581991179
400,0.5300574853580791,0.00912007463085418
400,0.4443307179423003,0.014939703452118147
400,0.5251938851871025,0.009961319610190311
400,0.48814488885370444,0.015378314327579634
400,0.5203967785982073,0.008594152350274418
400,0.4430394378757275,0.012384672578664158
400,0.5024096955425508,0.005325071656720692
400,0.4501691706425738,0.005694906647866425
400,0.49768382729509086,0.011650505484388951
400,0.42660188631067597,0.014426659815232501
400,0.4664306796921804,0.007638985507836482
400,0.6574664074238386,0.012320684793640568
400,0.389190373020697,0.02311734158179668
400,0.4998661176301218,0.010369961540650507
400,0.4525161115362181,0.009617617929986713
400,0.6532993365743779,0.010289059140063509
400,0.49282285300690826,0.0059990644516297875
400,0.46187109924906816,0.031196785067087562
400,0.5133811314538195,0.001387360157628404
400,0.35607434417185996,0.00654577950016022
400,0.5002292430420655,0.009034465538461212
400,0.5783778629787529,0.008376777796226365
400,0.42917872849276295,0.0075363229684837565
400,0.41081164536529136,0.012192640102323127
400,0.49607467382325665,0.005851182853238268
400,0.5668043460178088,0.008785184971516466
400,0.5203305008828911,0.01690738348278542
400,0.39841044889673355,0.011348557299107442
400,0.4418531526779728,0.013876448149866771
400,0.44795700897326113,0.0074960678479369935
400,0.39444235799554184,0.014973770940035713
400,0.4684520995654173,0.005816839057009915
400,0.43375020331171926,0.005663959718122613
400,0.4863764169649576,0.015942305075020036
400,0.5184465652476474,0.008617258671917538
400,0.4500542519981863,0.015176625250923559
400,0.4363570412439982,0.016272733577557652
400,0.5020724191269947,0.009397919951953493
400,0.42814052170996153,0.009867565990707594
400,0.5158595596459192,0.01171830406678781
400,0.40171781590938616,0.016602195553304756
400,0.40911968498986107,0.01661136235068894
400,0.44305710596128,0.01634719110995686
400,0.42750604884509297,0.00823550409671192
400,0.5959806347219142,0.004419343579910234
400,0.4923636460538813,0.011450748398701416
400,0.5218954754523529,0.011242571703209414
400,0.5532033332677886,0.011458806207712113
400,0.42937766607912253,0.008445676901216448
400,0.4962598498209846,0.014540052533704162
400,0.6418451138353215,0.007264652747531221
400,0.4411964710312333,0.01021584074315407
400,0.4983808967022447,0.01415942348102206
400,0.43795457712614505,0.011465346635223122
400,0.510725054851638,0.015276470648864837
400,0.4364575640887036,0.008478742089020996
400,0.6712150209459743,0.004585344088508994
400,0.48697615266225375,0.005170163700360386
400,0.46306247348084095,0.02050412507507393
400,0.39688665029349673,0.008056418632540585
400,0.4461852720441797,0.019066153136478414
400,0.4156114571618207,0.01839525277313836
400,0.4034469077900295,0.021825364631078203
400,0.4396138612786851,0.0011864489089072894
400,0.471301854384754,0.00728887716663277
400,0.501031921303411,0.012476197408781697
400,0.5658364799148089,0.008237360675880694
400,0.6178704540252133,0.008308001659560952
400,0.5457486035866831,0.01245858445850212
400,0.41360796547922285,0.009573702007149548
400,0.38749785267609244,0.000830165399708151
400,0.4532439414916145,0.008991011267288407
400,0.43419614948749485,0.006708565729459066
400,0.4451539247198,0.010212086703729417
400,0.35804737518709545,0.007705783102811897
400,0.3880394525938871,0.004101539936615883
400,0.41029213327906633,0.009668102734047945
400,0.41824536544946495,0.004421055522127126
400,0.547103196844025,0.009243066518692
400,0.43693704166830116,0.016466058857004473
400,0.49968561179941945,0.007716091487718124
400,0.37676402019571914,0.009797766691081788
400,0.4304308705175369,0.01389070891882642
400,0.5254654668730081,0.007934363182809878
400,0.44650613752771634,0.009124587374049864
400,0.6348172439670344,0.01147414792372592
400,0.47902605756152694,0.011595608266321777
400,0.4149832789779925,0.021200425211371998
400,0.43749026360613286,0.00996027034643987
400,0.5557171230328298,0.008222294867855195
400,0.44132250966111575,0.010714877078636276
400,0.5033159440197493,0.011444074359212228
400,0.4795280651568076,0.00930831464835924
400,0.669605571114626,0.008867780097072675
400,0.5446969294985679,0.01198367510957743
400,0.6323335861355094,0.004265874918193746
400,0.48595316536697014,0.014571379360082792
400,0.5538467320602043,0.012678847432634033
400,0.5888945816912193,0.013202691923904455
400,0.5283839099734648,0.021151426135402662
400,0.39995888579862937,0.008941846490432781
400,0.5057962375197875,0.014823021382310175
400,0.42739719253669806,0.013055518754879758
400,0.6126677242111137,0.007097181489460758
400,0.49008930340866785,0.009915373186589749
400,0.5825309903899878,0.013847191063703246
400,0.47203284865133255,0.010764661016449573
400,0.4459371586885265,0.011789797467243512
400,0.48443028820307904,0.0019756946568589284
400,0.46206881053132054,0.003239609442832052
400,0.37249388485779666,0.006711447171929841
400,0.4413511681726567,0.01588557175569627
400,0.45400834595812084,0.01446047610934198
400,0.457736610176923,0.012787881610593299
400,0.34593849375115004,0.008282557499366572
400,0.4893011974538605,0.010269372994009929
400,0.4384603308503241,0.00698138115404201
400,0.48191965657119007,0.007273927606540925
400,0.504808539882922,0.006883590611848733
400,0.44477559479478734,0.01715768930218864
400,0.4717711910062214,0.010558850335372183
400,0.4676636655672172,0.015817328735732827
400,0.5456946920676039,0.014681002179455283
400,0.43106870662551267,0.006611823712909082
400,0.4936817615321915,0.02559086033472535
400,0.3967966091228471,0.010113098045073654
400,0.5206916065492915,0.012621445392924313
400,0.6020487881805042,0.00987605825903115
400,0.5220124239140467,0.004514493755633722
400,0.47271613606442764,0.016239478169080765
400,0.4808758171831605,0.007844792536878864
400,0.5144940503922129,0.012056204760747091
400,0.544288509368988,0.008406957973751628
400,0.5014540922701768,0.005342166956136207
400,0.4500595843404728,0.007382200589437282
400,0.551923171263264,0.01209813170909391
400,0.46242593575232316,0.011206621271223516
400,0.419950382071287,0.015256734672557393
400,0.4708583859585103,0.0049522095465766025
400,0.39960016309247864,0.005354965442718629
400,0.4486069237364001,0.01080854197957357
400,0.4569394196950006,0.01180147838578564
400,0.47850954086591013,0.018286761799055085
400,0.3673045583319238,0.011649023327801489
400,0.49669230874010434,0.011506971566824453
400,0.4638674442435775,0.008764269006856897
400,0.45880853914355235,0.005690958690193254
400,0.494215502986579,0.01402321534330464
400,0.7506487146994869,0.012226244950920284
400,0.4267550822552316,0.01418977370432406
400,0.504543105812083,0.014474712001300793
400,0.5399443611254899,0.015246840896510516
400,0.4390125038148457,0.00902016200172806
400,0.4536939921850224,0.006971786941260105
400,0.4920757075832156,0.004462846865551207
400,0.46479117227228,0.017435635795090887
400,0.4547481241811563,0.008892956598956059
400,0.48216970993612424,0.01262158695169635
400,0.4804140784862133,0.0034997062637401647
400,0.496821229156099,0.015726510622090517
400,0.5009950452730796,0.013726915675374096
400,0.41673981345014327,0.019921101104850014
400,0.5032500369339937,0.016839863517714937
400,0.46337829788229046,0.0086671011333741
400,0.5412637146484494,0.01221717205219859
400,0.6553790380521431,0.01060507742259098
400,0.4711263241820053,0.014379533748868356
400,0.4737730794172118,0.013499996550659477
400,0.528766662322139,0.008070168631776342
400,0.3740473565813038,0.00948293167697245
400,0.5675274473340162,0.007757752579188981
400,0.5274631368417091,0.009872243064069863
400,0.42431701802354793,0.014632243485477177
400,0.4379371523219201,0.015627901972347757
400,0.5106085910956423,0.007901655568409651
400,0.5353221034755007,0.0083933874871025
400,0.6712825920318735,0.019243249003727314
400,0.5201413897347407,0.022324819985064526
400,0.418860679296827,0.024334515265260315
400,0.5597313825401985,0.010492884428208615
400,0.46993695966414534,0.007735013420931097
400,0.44555792751241674,0.013875233451084101
400,0.4847750527274838,0.012286803090461262
400,0.43016727470505806,0.007443012808873162
400,0.41117137729454944,0.009944762827400089
400,0.4509484544728129,0.0034345561796114144
400,0.4931647629902287,0.012347241669572906
400,0.4586454549156695,0.012675791348068177
400,0.4598170099806393,0.01567167558596816
400,0.4696069968960721,0.01052131419183917
400,0.38563513261583793,0.021281544497666838
400,0.4698121408281416,0.006828535631241861
400,0.4252298749305581,0.02593236784645847
400,0.4833010281351515,0.012781335446241604
400,0.40467193776120663,0.007162475635397292
400,0.42755445635290373,0.011115905471395848
400,0.5833935069435632,0.01550313025442418
400,0.5290816107716639,0.004532343873645428
400,0.5362271710822646,0.005930653918055251
400,0.47235626168231487,0.009434209540733672
400,0.45737792930325244,0.00623638392643211
400,0.5137292158491567,0.024870374073593826
400,0.4573948413668075,0.00926971085928617
400,0.473328716319641,0.026038150807283555
400,0.47937345302923784,0.008956027538349787
400,0.4467962995620189,0.007544657000455805
400,0.46501605596340245,0.011483746802220363
400,0.512882667823555,0.033936224680926275
400,0.657533222241351,0.014299412620334462
400,0.5521472559105908,0.00964845120292347
400,0.49300466422508604,0.02112692398751892
400,0.4405221809038913,0.01588516339077895
400,0.44823720334433526,0.007924825013200465
400,0.4646318750854277,0.010394204914789373
400,0.3870810191376678,0.004708404009853543
400,0.39713031274652405,0.017633334106962995
400,0.582677338556763,0.006552999490432643
400,0.5635941628379555,0.013367638432070894
400,0.48706483490961316,0.015026719401058486
400,0.3868018692153131,0.008428064107025707
400,0.5647607520102933,0.00278454354607282
400,0.40197146026515684,0.009680027288778703
400,0.38425058043253973,0.009193241565013333
400,0.6534325486218451,0.012056825126932534
400,0.5122160773773805,0.01574429777302666
400,0.42681549937524643,0.009517834259688218
400,0.5728530250661156,0.015839502850720832
400,0.4096493043535079,0.008772842222291466
400,0.5364123672342234,0.0022446687654875674
400,0.48898800104437606,0.016924847089614614
400,0.4146832490321655,0.02035936741568567
400,0.38516455146512446,0.0038070596070247653
400,0.3888734384411175,0.01646052006429688
400,0.48229307407177935,0.011157469494891764
400,0.4659705718528423,0.012422826214822269
400,0.3867190584028447,0.011374964356503259
400,0.5427401403976972,0.025643045227550454
400,0.5938881005454499,0.017260377973361996
400,0.4099737779462663,0.01248008164698411
400,0.549359361037715,0.01585076580864686
400,0.35595339268711673,0.004431972118078792
400,0.4413588180704781,0.01849949029457787
400,0.4883319756156917,0.01836919467467313
400,0.45741190692664196,0.020517899612267243
400,0.4117536887700045,0.013876686774920769
400,0.43236313024843687,0.006950931135905713
400,0.3839303009212105,0.021767902312537446
400,0.4392250007346553,0.0238759293660743
400,0.5610921282310886,0.015077449298357415
400,0.5235224467139783,0.00828860743533677
400,0.4679287796800211,0.019290245194679256
400,0.5228843130684458,0.012529987546387789
400,0.4407854858693767,0.016585424517803204
400,0.467513653782366,0.005915956699907632
400,0.5320118972623511,0.004800284049439885
400,0.4363244832822291,0.0035571113401084275
400,0.3935414512452272,0.011626079953120483
400,0.4221824388135151,0.004371695833117509
400,0.45599652288088927,0.008584816499275005
400,0.44590557556186305,0.008790868364907833
400,0.5754292743732723,0.0036851741369144687
400,0.46394658746872486,0.010959895220271632
400,0.6102999629974183,0.015194905119545384
400,0.4095954060718093,0.020992254641758468
400,0.42414558106252354,0.010632813855443221
400,0.39809706007442525,0.016094511476101747
400,0.5006753496042906,0.012403019116769824
400,0.5426043617241216,0.01483162664475901
400,0.40453416664122155,0.014928134696105433
400,0.49435687443810206,0.01341423109312323
400,0.37751641134979286,0.004918871397841085
400,0.45670101602412694,0.004736954386768355
400,0.4302015893217395,0.00929838120450066
400,0.5905507344985153,0.004395095468866739
400,0.5454333935070351,0.013181712842084803
400,0.41642601104292726,0.01106117862732714
400,0.40789247395060185,0.008670301780903738
400,0.5584438517649553,0.01929529403546071
400,0.4330405023514974,0.010315362426269353
400,0.5310902813156628,0.018092064726477508
400,0.37226479320714667,0.010154157034741151
400,0.5101937418045823,0.004388228684523644
400,0.5488999168484913,0.019796382209424035
400,0.4029744987507937,0.017791274348032182
400,0.5152402505418712,0.005438912314927265
400,0.49517199036980625,0.008723581418958792
400,0.4184327667981932,0.004013292422192727
400,0.4547484621331492,0.014454773355963013
400,0.44443403254928765,0.005656656446777042
400,0.5383095681591661,0.007574567165748225
400,0.4001936213501572,0.014041894996569937
400,0.44878702530996784,0.015157596278135954
400,0.5100580621590833,0.019466039652160344
400,0.582843114769878,0.0075894895826787755
400,0.4790263234085026,0.036011587370933906
400,0.3875817445324709,0.008112094167614794
400,0.48519198642623745,0.012408678976066567
400,0.43636698358075987,0.014980413095029288
400,0.4548080179092045,0.014229663871053103
600,0.3811829706336319,0.006023299331286314
600,0.4748511513900486,0.002708480937471225
600,0.44816795304582036,0.0058008325729461685
600,0.3803979422059337,0.004014542100948093
600,0.3370168700462017,0.006533337686863261
600,0.5664988564092673,0.008212550239616867
600,0.38241212478223013,0.019801709030702108
600,0.4129362114439149,0.012565619970421604
600,0.3905009929126744,0.0014305079040312194
600,0.4356218127828517,0.003222817044441495
600,0.5184326902160387,0.013604021441683045
600,0.4552997092720635,0.012177944287129039
600,0.463894406376279,0.008158317195790965
600,0.45662913769817187,0.006595513715416419
600,0.39533735320565594,0.011323171305980706
600,0.33382356083309267,0.0070070827416350845
600,0.33219555058380673,0.014324914062525118
600,0.48185466953815514,0.009553757496304494
600,0.4578404119444679,0.003481366572819106
600,0.3899966535128616,0.007958588450434068
600,0.37182531694496734,0.006303047248016067
600,0.4298360674869007,0.010938457433616877
600,0.41322658729374706,0.006721893193280648
600,0.41489374358765135,0.006523023398531555
600,0.3714108071288707,0.006053355878231391
600,0.3627715081013634,0.0024338484356875023
600,0.41352867088157663,0.019285523916737546
600,0.4053422654097966,0.010633824304491224
600,0.3949248721752126,0.011362629339339403
600,0.35853079752162287,0.0054648667384074034
600,0.3620103462375827,0.008250834822938424
600,0.48892735141414784,0.006408654480168918
600,0.4577252885640358,0.008104090213246318
600,0.4099873512723131,0.004699652915247543
600,0.41404224152635594,0.006125225124400391
600,0.35541844249676896,0.006603657790203776
600,0.36241021603905743,0.013512181180272864
600,0.3865876295770507,0.007713698820355885
600,0.473118416844888,0.011861726888192203
600,0.47892937180308304,0.0025808052903390725
600,0.3233968320678765,0.002239553899287987
600,0.3059250255295278,0.00253322833156866
600,0.34669444768162144,0.00569334173681345
600,0.46856358530122105,0.008514674565447189
600,0.36933536315625565,0.00509215469889468
600,0.39893307683522305,0.005866826813563097
600,0.3853826667574219,0.015619065515558805
600,0.3444401670904675,0.010041624439640406
600,0.3470718851824559,0.009231479260841446
600,0.3482835329930528,0.0067933001228046574
600,0.3270901562058568,0.005047419584094159
600,0.4609295312436418,0.020818877078143005
600,0.41774358935415595,0.012998833569213058
600,0.4415659392300129,0.0015740966889729036
600,0.43353490084297763,0.010745668620904737
600,0.421561665289052,0.006947773479281771
600,0.4557764743247548,0.004635825635052715
600,0.37393344852079935,0.0037831277268718377
600,0.31447621649863944,0.003502575036992112
600,0.36687178009691035,0.000979489576889092
600,0.4519320962574473,0.007285475810077546
600,0.42349199845364843,0.0031483821114688484
600,0.3606621563148929,0.010195428069254442
600,0.37527222191091286,0.004940819872758184
600,0.5744264099914469,0.0025645945519038285
600,0.3744337649738168,0.00566325701922632
600,0.3708027822184419,0.01389505128346253
600,0.41728180813912685,0.0031277240334304872
600,0.35626758704772504,0.0033792404849950497
600,0.41683567292786927,0.008992671412591302
600,0.3512495210721217,0.005749655284033706
600,0.3250109289201387,0.006533439551640097
600,0.3122313805358617,0.007388960706148322
600,0.49028864249644977,0.006859179512302538
600,0.4648323849791295,0.0114635533897407
600,0.3994530087403635,0.012901596994382869
600,0.4098063701588892,0.010590418764327758
600,0.3583728950715914,0.005207066183608649
600,0.37465420371676816,0.00760151806700593
600,0.5113847256556907,0.00552106916530215
600,0.45358500091467646,0.007741359727317709
600,0.5217454361862958,0.003357758843671621
600,0.4266756833489845,0.0071775019426491005
600,0.4161051901937931,0.006380554889472867
600,0.4050807711995891,0.010038912422940438
600,0.4926125161783331,0.0064977676141564356
600,0.3576256083337937,0.005405292003032969
600,0.41358083968679277,0.009462926170974106
600,0.3745974454884706,0.009142749233909342
600,0.37130453084507314,0.00938576430233784
600,0.3186847472906077,0.004221661874734126
600,0.46177873108804435,0.0044542213096411265
600,0.38006556861198876,0.015653442494535375
600,0.48507341246026403,0.005880874302554573
600,0.5164475168887874,0.007494086184157478
600,0.3644978218063385,0.006069573079608759
600,0.38815445091548895,0.0032550889687034124
600,0.4397968649447117,0.0151025672114673
600,0.37843958395922916,0.017626945741678446
600,0.3502018051755816,0.007781139719420294
600,0.3940910333357818,0.006515797091157571
600,0.4449259992668877,0.014710733823945388
600,0.40886072090204784,0.007102902537151401
600,0.4413464032548622,0.004181716581102113
600,0.3882598033405528,0.00509145316502627
600,0.4487291764179687,0.000931881809916324
600,0.4111253009676582,0.007171580586643245
600,0.4668297844904848,0.007116957503352963
600,0.39795147690006283,0.011072995371481653
600,0.447069459982629,0.01057940523950688
600,0.3259198084150608,0.0007125100548506151
600,0.38925411106772145,0.005296383738253807
600,0.3831481764914363,0.015193793456781401
600,0.4316430070563629,0.009345058848180043
600,0.42577364125737416,0.004360862763941712
600,0.3788867103533839,0.005838604390411728
600,0.5499625229234867,0.004942332440141644
600,0.3731689184116294,0.00807568139431969
600,0.3965017875244996,0.0042027688954113795
600,0.36898976506799336,0.008981753692617556
600,0.32852753485928016,0.009563873248663368
600,0.3644908448516635,0.004332179937218017
600,0.41421997225759294,0.005398702739935755
600,0.4570975740577584,0.008468848105609217
600,0.40435148699042,0.012573243388634081
600,0.3178044466495918,0.007389612909117105
600,0.40392378333115553,0.007034194389887338
600,0.4828462098148437,0.0010054032117006134
600,0.5056565435064204,0.008339425828571126
600,0.4743382649396911,0.004966150151887394
600,0.39731025084242977,0.0032485871346665807
600,0.38720972892847616,0.008975870737702688
600,0.3886766526240354,0.005622355284479741
600,0.386471660929303,0.0022578857497925764
600,0.33114165821266867,0.003613932747272779
600,0.3615434108724556,0.00689149209366513
600,0.4206651885846055,0.0079201812088463
600,0.4238226856835087,0.0055504748040589025
600,0.46097871373080823,0.010089207661879263
600,0.3981311599098734,0.006219923163206076
600,0.40354828422410016,0.006436615092390945
600,0.3629963860268838,0.006106221044675064
600,0.3532543906776332,0.014617457038775594
600,0.44537297400515763,0.0050535064756560555
600,0.3623923302136521,0.007355334206686326
600,0.4233515897689989,0.00743683391902461
600,0.46963114082625235,0.010582803812160257
600,0.4085604368280073,0.0072542002606899025
600,0.4519765057451861,0.008283559677113164
600,0.3289678980079749,0.004690064604157662
600,0.4233020605386386,0.00468049981420493
600,0.443522549024961,0.015817278015522573
600,0.39863694454578075,0.014281556993050115
600,0.3770513724208106,0.008261108759959244
600,0.4380839239642495,0.009489358548344429
600,0.3417869351243411,0.01144530163717139
600,0.35218154038681243,0.006960086396801422
600,0.40268110751910596,0.0029352922462801967
600,0.4121002968979285,0.008692440833661975
600,0.36164061536195113,0.005254865641832745
600,0.47902433558242136,0.004818564603810388
600,0.4176589239592743,0.0030913828576013547
600,0.4359593443450026,0.006165630652887561
600,0.35939683773978437,0.014814248116500783
600,0.32747267412115777,0.011625148145261388
600,0.4083697686452143,0.008963655126039693
600,0.32487802152172335,0.010573360881733329
600,0.39814040979541365,0.007279205243674036
600,0.37660384398663543,0.015349632648893996
600,0.44469662161219137,0.007364383129238478
600,0.40328436075725066,0.004639263363954687
600,0.47052454347991535,0.011615428609105027
600,0.38367939511235516,0.005561323085844672
600,0.4186881600036344,0.01236729540561754
600,0.4255566441433247,0.006027085169481472
600,0.5119877935594639,0.005847547094087302
600,0.39052053470811116,0.009282346228830451
600,0.364570623546263,0.005226802585064916
600,0.4990980061236656,0.011325081737228349
600,0.32390584116569116,0.01827816146450023
600,0.6509553068815795,0.010039614346509462
600,0.39617487449986266,0.006277612051973858
600,0.3785921432689537,0.00937268134637903
600,0.38933386423460864,0.008873336312640312
600,0.4580927526885489,0.010047349520045268
600,0.40898624024698843,0.003949186878544064
600,0.48580845371146963,0.007469425676625008
600,0.36431252834777217,0.005781050808341792
600,0.40411265989972667,0.010035696864459598
600,0.4226691881844185,0.0027543574541623326
600,0.3411891699046108,0.0030054795745013685
600,0.35481579199562313,0.0032441323999890777
600,0.37182630251716686,0.004780092721548835
600,0.4456727444720954,0.010297797311130896
600,0.3484293697477896,0.004733549019013128
600,0.41368393351829813,0.0020428883804974873
600,0.4338507840148008,0.01285934070317607
600,0.3980392824351554,0.009452989684278101
600,0.39839732878129924,0.0060015276200307
600,0.4008635368400066,0.010443313174550939
600,0.34698045255385707,0.005198256567161774
600,0.48138473627081346,0.005678050397788015
600,0.42327713998403876,0.008441692208737805
600,0.4081237466596566,0.0049551697380945114
600,0.33741201394704745,0.009650634378918443
600,0.3777957622714577,0.008718399844423158
600,0.41747257200377363,0.009081220520734234
600,0.3788337228851421,0.00613452675428916
600,0.34504971955055047,0.008912775960405739
600,0.36869506661313234,0.006271056752908288
600,0.46699577695839084,0.007174647987669536
600,0.4462692990548712,0.004007471427010523
600,0.40669819499148935,0.005818476610552015
600,0.358876411855465,0.010664919748676338
600,0.42044607736652695,0.011839788800528384
600,0.3517042738119309,0.01641068939032886
600,0.38654650802171975,0.0036027313246287385
600,0.34606861898290187,0.006039014280612931
600,0.37307975425659207,0.00846177796641201
600,0.4446390441223383,0.011765569999505177
600,0.36002605359887835,0.008176762422668389
600,0.3260382469532461,0.01748848467245634
600,0.41884428488367076,0.003928876825672572
600,0.35726708893927817,0.0036081715047631135
600,0.3749963770984259,0.02005788927661034
600,0.3971481649767554,0.012537019959033113
600,0.4051163428846553,0.0033492961425064527
600,0.36227549189420355,0.007960817630284
600,0.38079571858463707,0.004320560499576409
600,0.45165236354236366,0.011357973497281444
600,0.35310301596560456,0.003451426710502802
600,0.3730234673051409,0.008996058530488904
600,0.42336388410950154,0.005081522447809794
600,0.35341124361372134,0.01260499864348863
600,0.445446919632449,0.016289990316747938
600,0.37450587623639164,0.011891729068104828
600,0.3243127250206711,0.011787360459491358
600,0.38409725535845096,0.0022408765370222467
600,0.4818381488560788,0.009091595425780197
600,0.4290579275035566,0.008690923950540164
600,0.60170039735444,0.006815538374956076
600,0.32248022692142786,0.0068628398973220595
600,0.39660613723946686,0.005435938151330921
600,0.3943262688571638,0.008011730657749799
600,0.39183845100645537,0.006627461928943035
600,0.361411454782405,0.006914048812980189
600,0.3148433180520563,0.009390098435535746
600,0.3555909189867262,0.006349995652958906
600,0.38510578162761927,0.005527922974504451
600,0.3726504206202772,0.01781469867306118
600,0.39235213637048155,0.004677531171624867
600,0.527438225657687,0.004732793205582286
600,0.44670375790396877,0.004559968342756515
600,0.4835883103450009,0.00441057773405662
600,0.40932086588508715,0.015189207706334695
600,0.39604845010401013,0.007334926881564341
600,0.441877950712714,0.010777281034988428
600,0.3346165936679836,0.014023091312055098
600,0.42800319058683156,0.009347478704853085
600,0.33766741579916154,0.007108071281200834
600,0.41086001919992693,0.009064980716781369
600,0.35983296725904923,0.005818342484839256
600,0.37872422676200074,0.0034989159593000196
600,0.41791538324515703,0.01184307698732412
600,0.4390814533702818,0.008077959118447775
600,0.3707233297708674,0.0063811087134773015
600,0.3765925734378805,0.01719974194690921
600,0.3683808076061112,0.00964189581341024
600,0.3202476392037556,0.0071190604664191914
600,0.5115135527464143,0.005658727916241668
600,0.38139127821908425,0.0029113328471013222
600,0.4160660016116082,0.007514037693804543
600,0.32836292156582353,0.00586846063992974
600,0.3662056050323411,0.012691404049255173
600,0.4330019699258507,0.008596727810783023
600,0.3958712577402076,0.006321238020723818
600,0.36585822958512737,0.0053062820568814395
600,0.37806746610490666,0.007420594182760976
600,0.3700639628872534,0.008587563710430013
600,0.3907292476420642,0.005948019325195342
600,0.3468764127950533,0.01088818923123247
600,0.3942982901972862,0.007465403608756027
600,0.3972832948328179,0.012074633257356693
600,0.3671171248213423,0.00705395733935088
600,0.4559216458816352,0.006346245527555361
600,0.5333778132135542,0.012978312735049569
600,0.40867475394873565,0.014219408925794874
600,0.4821057041260929,0.005212372835295778
600,0.39673553433715575,0.010160683770018997
600,0.35084505875971506,0.006801111500084778
600,0.41156787896492764,0.01229388016071109
600,0.381289569358869,0.00415149404823989
600,0.6104961374579341,0.00804600722633475
600,0.5498725677603145,0.006732646044544932
600,0.4494498510326294,0.008500686494195664
600,0.45042043159993433,0.008547933150583553
600,0.29322728422313915,0.005498576038136713
600,0.31785019252617297,0.013208474546269944
600,0.41204447233985486,0.010312436583702221
600,0.39495700373353554,0.013423409461165159
800,0.370404452348851,0.00827086986607184
800,0.37833638744603854,0.008161028846519702
800,0.34937325864580104,0.010996109338993865
800,0.3650049052240527,0.0035609910159735587
800,0.44625567397594884,0.0042295545522489375
800,0.3723827973368632,0.0074034941951712785
800,0.34340302332378714,0.0073379185782389555
800,0.3374790769308545,0.00570717062051128
800,0.3311908198230552,0.006841743724105731
800,0.309116172097533,0.011559008301581741
800,0.40967978953467976,0.004470653298604299
800,0.4089423698271497,0.006387503383313176
800,0.3545108541760735,0.0018359122109702364
800,0.38008081574570335,0.0013453207812137435
800,0.3452536380470822,0.007674261625485235
800,0.3208360212405821,0.004538348668249981
800,0.31210517651464903,0.0058658718491072515
800,0.36857255666846317,0.006455701532237457
800,0.3425797847644048,0.004915195684026914
800,0.359987730599679,0.006070157781503882
800,0.357230423534463,0.014432737415252639
800,0.33615066077966127,0.005514943255794935
800,0.3331755947582212,0.005268715323715312
800,0.36998204509141175,0.0036057492402348096
800,0.3253114830063939,0.009677915158140982
800,0.32820917284078005,0.004503115004778568
800,0.373619237757115,0.0049410364023503295
800,0.3477248124526983,0.01098972480537097
800,0.38188408407101676,0.006333266559859885
800,0.36835329723710264,0.003614610364515658
800,0.36168811760421804,0.0047435103491693794
800,0.42548625847162624,0.0035942138945160218
800,0.37583420978482884,0.006525164156641061
800,0.41507952797389364,0.00636788280699796
800,0.3092776616811324,0.004011571071676878
800,0.3552023079041472,0.007878237648534432
800,0.32085910411433555,0.005149956119205101
800,0.35483641884846395,0.0075133962771167795
800,0.35151414892857147,0.007355331610626514
800,0.37853164730814204,0.00672938862205974
800,0.4454629112780235,0.003423248471559828
800,0.35909567611892645,0.011538769966216167
800,0.32358427512411536,0.004953499918092297
800,0.3158111778036144,0.008119883448944765
800,0.3443091593958709,0.0035691091759235682
800,0.39504281841959266,0.004961466090846134
800,0.340300839547508,0.012278025737584963
800,0.34457726340527944,0.010010869545699741
800,0.3662301188606268,0.005372519466625092
800,0.3110954873424594,0.010417877695805045
800,0.41698680993607107,0.005504462838079371
800,0.31138473332704925,0.0038146943324602446
800,0.2953240868834308,0.003326514174440076
800,0.37263745175593455,0.00477277195200398
800,0.3400173427453771,0.01070872944244794
800,0.3116623091165894,0.01326044404285498
800,0.3175761328514828,0.00733042819922769
800,0.36213311294248196,0.0063966260052226165
800,0.3660775308952668,0.006136452859275423
800,0.3046208084751216,0.0062496106778278104
800,0.3213053874622245,0.004317371075170188
800,0.4524489124874184,0.003795643143802076
800,0.33906908151679305,0.0014618628576721783
800,0.286866471347483,0.0026567632983206064
800,0.34135938923596293,0.008945991618046545
800,0.4566386910594237,0.004967992649363101
800,0.3709029645681659,0.0016318240949613205
800,0.3313003866819291,0.0047595587289375645
800,0.44171869530290264,0.0031250211879096644
800,0.37197019722588837,0.0035557554963619306
800,0.36017623304356416,0.004792811149950671
800,0.3641000701232718,0.009619134530844509
800,0.3933909676893975,0.009969644986081327
800,0.3369812214663557,0.00733626116941144
800,0.3790345758979071,0.0039142546888840755
800,0.35136896470420675,0.008094076271927486
800,0.33048219192989103,0.005139705246767878
800,0.37036473063891595,0.002857945448563437
800,0.3284759939677327,0.003610289140109968
800,0.36409356061404674,0.006995915784221096
800,0.3827148767456163,0.0030181506896777566
800,0.3736203918185788,0.00800775044811286
800,0.42710793624234633,0.005259666848680963
800,0.3102133743755379,0.005290221502877168
800,0.30413066778758374,0.008484486920212975
800,0.38909325054862987,0.007387371569846407
800,0.29447404453463505,0.004958071836431932
800,0.2833578129001873,0.006532188935794547
800,0.36952444899201226,0.001651722649221754
800,0.34743418587123354,0.004160378947791976
800,0.33450195020037693,0.0009914355344035064
800,0.45858368611651606,0.005808152736484628
800,0.36165177553389394,0.001322082251340922
800,0.3557836710121658,0.0028935623336030503
800,0.33776459732114583,0.004946632068917889
800,0.39581174043721573,0.0035701845017217515
800,0.3468487598450115,0.007093891064062441
800,0.2985548336120324,0.005345333490970165
800,0.38515918107402825,0.0022637530774156644
800,0.38199860174013267,0.0061639061096421255
800,0.35053579684047087,0.006662343998601328
800,0.4625568746932375,0.007996723818013418
800,0.3564840234174643,0.005123205409235181
800,0.4149019474706808,0.005237981904474109
800,0.28813711002783887,0.004401880687326498
800,0.35153107469079203,0.01503972197078407
800,0.32865589649832,0.002081253013930584
800,0.38427465716461184,0.004171596431130172
800,0.39392642280690093,0.005855538863005938
800,0.378119582677766,0.007266569701171788
800,0.3242751684912659,0.003356066986510031
800,0.34182323326590675,0.004997675037667237
800,0.4438313526179788,0.0026948387963157128
800,0.3380792437402003,0.00912803339494106
800,0.3272522989515124,0.008227659780949526
800,0.369628539729714,0.003286489854698371
800,0.44302723034386493,0.010562379433757707
800,0.39805343418292066,0.0032456555102984455
800,0.3084267212568885,0.006017126339130208
800,0.3307680911000094,0.011656249348903414
800,0.35728918903120144,0.0009316508532382084
800,0.40712329938040975,0.01007525028045031
800,0.3774668923656477,0.0060595198646455906
800,0.32004621378476594,0.007133798523207169
800,0.35877371971225613,0.004857486251565235
800,0.3434688078040696,0.0043660496703119556
800,0.3446905047695822,0.006496462714018352
800,0.40070662053460004,0.003383827994596887
800,0.3744065791886315,0.00909197659870098
800,0.3051966202842409,0.0049144073285783225
800,0.39560765496875894,0.005754059574539561
800,0.4690057181495295,0.005382081198818778
800,0.3172826131771799,0.004706686128062465
800,0.37222319798845405,0.0020517308074651797
800,0.438999280187498,0.004721054912701639
800,0.32560412936395944,0.005183619367272518
800,0.36574232341363744,0.001982102730795743
800,0.32126635881449833,0.005114602889675579
800,0.33865526630223164,0.007986245656956454
800,0.30760458708747496,0.008186202987947921
800,0.3502523170373385,0.005082522145324453
800,0.3122242578898079,0.007819782718164414
800,0.35109503636307543,0.00516410894208863
800,0.32825876453888464,0.006456065272330891
800,0.35674327474473105,0.007505735791770052
800,0.4127872132810758,0.006243201778709069
800,0.3815650815625764,0.005796057612863281
800,0.34285488711087775,0.0020397950182377738
800,0.42336112638135603,0.007300319929352317
800,0.3572126064868983,0.004995799533908385
800,0.37793295600863996,0.00378864588592287
800,0.3427835489936167,0.00405144095211174
800,0.43966670703669225,0.009545301482216328
800,0.3033358889682706,0.004464367061715269
800,0.3320656311429608,0.0043231155816755296
800,0.3634791572274312,0.00477100956708092
800,0.3206217466916499,0.0049977407459682165
800,0.3747883753281549,0.004768117009502415
800,0.38382249640462285,0.004401897610457659
800,0.44543746082133817,0.003216062787562146
800,0.3356982406876272,0.0022849785612290632
800,0.3514267214278665,0.0047661448618028235
800,0.5108746022020707,0.00521303196348466
800,0.3032219072374207,0.002496961061239089
800,0.3345942749653308,0.005123924156663517
800,0.34544550489618436,0.004515725745535715
800,0.3790966077004562,0.0072688255367274746
800,0.41107748397276017,0.006454529895570254
800,0.32092101146732216,0.004460562730432827
800,0.3562596105570216,0.011595990619822194
800,0.3099437265265128,0.0029451279586994073
800,0.397205699150289,0.006159651061429905
800,0.41778363685258113,0.001660429519351036
800,0.36824252863945306,0.005938255241285008
800,0.34160239955106914,0.0026710311745042365
800,0.4414432766760143,0.0035520400922777196
800,0.37259633240364814,0.0025561084090257725
800,0.3400116468578546,0.0061400031690392876
800,0.39524872100016467,0.005783224726752634
800,0.3172409859974409,0.005781887999762092
800,0.3240979868133075,0.0017958428423358042
800,0.3719197977626799,0.004805656027327299
800,0.34677307361084114,0.0034114354134969216
800,0.33009269518000284,0.00945177460266211
800,0.363269813501774,0.013097018553632322
800,0.38417468775594865,0.003906071435693992
800,0.3430704611385223,0.005681925874392535
800,0.37773530939722966,0.0038418472113834756
800,0.37575961913965156,0.004174303652963118
800,0.3909200272570368,0.007651254863900281
800,0.35125182842510316,0.006158668697620051
800,0.29845007990615113,0.0050000258241176265
800,0.31059279725052313,0.004507197183106326
800,0.35772293686224205,0.004130184205084042
800,0.33939557183363134,0.009759898455736993
800,0.3535878839077672,0.004018952877992588
800,0.36788623482152905,0.0038021962639327445
800,0.3345496322552373,0.005388420590600629
800,0.33684096089239995,0.005147395999676174
800,0.42069406606136794,0.011333168334765054
800,0.4241553567605711,0.008524028941645723
800,0.38136710061488166,0.0069267879246097674
800,0.5046777950050183,0.002356464670038797
800,0.3410629391994284,0.013922666466645639
800,0.37276018877774636,0.009418681350188196
800,0.30116009207093863,0.006533487399755122
800,0.3625154658116341,0.004543343766904523
800,0.30280530077607276,0.008908035801360015
800,0.4731269072939821,0.0070710471722297275
800,0.41534251807429773,0.007061240035859062
800,0.3537805811131317,0.0083648463470265
800,0.3325064665105681,0.008596055354668675
800,0.3987511245328861,0.0035361200086365674
800,0.3466472563867597,0.004006536739542321
800,0.38193584348287724,0.00584178016915248
800,0.3399014833211863,0.004202894296270743
800,0.4280813051795711,0.0067293345636110224
800,0.34879213342003124,0.007779610792044478
800,0.4137469338712162,0.0069546278652409255
800,0.5599425633665208,0.003892941750969229
800,0.3130286213574647,0.004691709798669841
800,0.2826409065456319,0.0017885704364436483
800,0.32048556678908,0.003575674224614689
800,0.3883090047094301,0.006984868685901313
800,0.40228826520620203,0.007541165237180403
800,0.3926915266475074,0.015189717449712203
800,0.2951749453421541,0.005679222547716245
800,0.32389751182552545,0.0016850910620518794
800,0.4229729464748761,0.010754308791752099
800,0.334991639987227,0.008503617521000706
800,0.3611459039223993,0.002211671733925613
800,0.35146306290009177,0.006848246575930528
800,0.3336821681656256,0.004691008883468517
800,0.3646261494422677,0.0051696026863385924
800,0.42700930281040816,0.004234035279146786
800,0.39423153645673564,0.0016758293394689705
800,0.32547367199529104,0.00379104110005557
800,0.3861919426791751,0.003864394958715985
800,0.38321561960741946,0.007506609934683217
800,0.36681276307281596,0.0021072936719600532
800,0.37271332065450014,0.0065591403520846026
800,0.39823223333487917,0.0033025156695879465
800,0.4450662403746136,0.004096869891639043
800,0.37816218312635247,0.005465849615719831
800,0.32608201076132803,0.0026141434982357437
800,0.4194391179302869,0.006401342729871695
800,0.3428148917240251,0.005243849112690491
800,0.3899492077598645,0.009618436281705556
800,0.3094107893219907,0.004757498939662486
800,0.3249701315087195,0.005507330150417156
800,0.3927319517175791,0.005702763413739399
800,0.3596398566571069,0.004747236171728897
800,0.32071756921879135,0.003452324836269227
800,0.3630441418214623,0.0033626669530457676
800,0.35590945775054406,0.001948728386233603
800,0.356921446823819,0.005582605454506284
800,0.3707108462194374,0.006210864617943068
800,0.3092128053146924,0.009704942203567102
800,0.3476604595578938,0.0026107468642109217
800,0.33396812801920034,0.00627339641350122
800,0.3358134202084502,0.007016937397384959
800,0.3463857814726709,0.002286429750260089
800,0.36314167677073755,0.0055399356275409595
800,0.3138965218029386,0.006095572458144294
800,0.3360476098143453,0.011377333647240917
800,0.35618579989471666,0.006047746193025505
800,0.43821800055060456,0.006082328739603904
800,0.38117243313912,0.003398487306997433
800,0.3330549347744271,0.007087117797971665
800,0.39839968830587097,0.004249195653666327
800,0.4124951505544214,0.003328023039362566
800,0.34293879165382757,0.003480292459766776
800,0.32061466522109583,0.010020211581514005
800,0.338104813579024,0.004418586839086136
800,0.3855885898241793,0.003155273500394811
800,0.3099346733902222,0.0024588216523908357
800,0.35579291620731596,0.0037988384350975957
800,0.3715241054905922,0.007246026322983996
800,0.30407964303010904,0.002877364554984052
800,0.3435742623384605,0.00382438509610461
800,0.31943730176849183,0.006725631233455376
800,0.3074783146370167,0.008192329437376245
800,0.2901614136290087,0.01156498329626654
800,0.31471280735881113,0.004792400114612683
800,0.3196024992483731,0.0017785436940169763
800,0.4190045453654988,0.0036363321657610914
800,0.42451421400257255,0.002026930043568902
800,0.39542527655214044,0.0016352787941208424
800,0.4081440595689904,0.014021910128308113
800,0.3090722654865781,0.008017163195968013
800,0.35556887908932644,0.0033957467721904768
800,0.3164733402165181,0.009901594230055877
800,0.4076814522678597,0.0003588686560377363
800,0.3105520175327054,0.00499656564015627
800,0.3755928599783119,0.0006685356276450172
800,0.28848601547400426,0.007956359866186036
800,0.4134252855435165,0.003526269599396281
800,0.2864533368677247,0.009504877228752928
800,0.36903827424883484,0.007835938776629615
800,0.33797964743146713,0.005483767038372389
1000,0.3521835667094162,0.0047817552957984955
1000,0.24536967893147707,0.005127898283944887
1000,0.401505391831887,0.005445145166780407
1000,0.31313145022942657,0.007979882506106595
1000,0.30803470076791195,0.009422914408320215
1000,0.3720172571015317,0.004524492055711371
1000,0.3028151813850209,0.003813545319137468
1000,0.29635686934870836,0.0005949041195655314
1000,0.37558597686962947,0.0036075169668045026
1000,0.2937858785116206,0.004669673847085054
1000,0.2915407420870868,0.009457212460408648
1000,0.3763922892879378,0.007543651909342993
1000,0.34217541146998426,0.005520864514892754
1000,0.3129880728258534,0.004964869319376964
1000,0.31281816619775105,0.0036512123855353407
1000,0.33746244729924163,0.005258109656582688
1000,0.311702211332818,0.007511803257463923
1000,0.3397860308475103,0.008024067280687497
1000,0.3524383238138002,0.010471359107421918
1000,0.28846259996759005,0.0064393740272910005
1000,0.28484005092749826,0.0016214402703802477
1000,0.3013104182740947,0.007937135101469428
1000,0.3748514106034747,0.003694553282942896
1000,0.37908553196190214,0.005610234420697968
1000,0.2845561288918615,0.0027689073145091836
1000,0.3459907454808748,0.007128455775856413
1000,0.3467694777898852,0.00392932794066847
1000,0.3259190297784855,0.005362933035789386
1000,0.3959835913233731,0.0030430767884366628
1000,0.2907382663309702,0.006551861412025239
1000,0.40851505467009747,0.0038636427242675353
1000,0.27895480066070455,0.003088223126948453
1000,0.35851242258471894,0.0044134462218083925
1000,0.2844970819685838,0.004206734657468569
1000,0.2733662542252209,0.006289755281541742
1000,0.3187955526229412,0.004934962492810402
1000,0.28267838083250807,0.008685328724020502
1000,0.342225268818057,0.004351578850356641
1000,0.3264192007888819,0.005686665631110643
1000,0.3085911863117726,0.002984128831550506
1000,0.3067673084226626,0.005630437209744654
1000,0.3003135783179508,0.0014466380442088589
1000,0.3202857002162124,0.0034797024417938527
1000,0.28046041230929103,0.0023794016685620943
1000,0.30321767500919006,0.0038991213696852878
1000,0.29743803585765943,0.0020033274029894444
1000,0.33564857320355396,0.004005609710514002
1000,0.3204880516659119,0.003626100953680378
1000,0.3143407067051547,0.007228765512849122
1000,0.2740494384160803,0.007945494162644007
1000,0.28125758510441023,0.003435524694155767
1000,0.43344104645017767,0.002478997773761926
1000,0.3045124276561832,0.010882998221070972
1000,0.33276289291594,0.0014359712790483758
1000,0.27366704460112456,0.0017456693508796715
1000,0.33862383136603547,0.005303318082596551
1000,0.3118032170664456,0.0015269655826788409
1000,0.3157515444585205,0.005810935503247405
1000,0.31601398297342825,0.006318286546631358
1000,0.27590465731222263,0.0022656239943533375
1000,0.3626137440040324,0.0033132969067917184
1000,0.3911482030510988,0.0015038683544964515
1000,0.39923357612274923,0.0033271449396935493
1000,0.32341993672262803,0.0037299038714802414
1000,0.30983367873685674,0.0016947669167509476
1000,0.2761256494351742,0.004843009064843473
1000,0.3119029100561556,0.005249916156922996
1000,0.32861848056165555,0.0050618646107143395
1000,0.33206314539667636,0.0019041881024172826
1000,0.28403375398252617,0.002467446397521056
1000,0.31937877741232734,0.0020904363856313335
1000,0.2835507746862756,0.002556587594025217
1000,0.370825818671641,0.003889006826755803
1000,0.3288384913939671,0.005145142866384234
1000,0.3442254693890484,0.004894162875831665
1000,0.3359988905609335,0.006731178863533804
1000,0.3084295126669345,0.0038781329449068718
1000,0.3992886906954377,0.010583056676437996
1000,0.35099260709963687,0.005562893315921813
1000,0.3824245125546034,0.005289753354380755
1000,0.31659653333413673,0.0034175375540025903
1000,0.32564461266538136,0.003713295685893847
1000,0.33218895592765985,0.0035694578752976007
1000,0.3571810454653467,0.003275383753779171
1000,0.34754940148232494,0.01001369510686101
1000,0.27785970445957675,0.0024987112500611808
1000,0.3393400842190076,0.0028998464911924285
1000,0.32699814425457635,0.004793983450476436
1000,0.28528923924813415,0.00245822770812959
1000,0.4248027051556941,0.00938023673343058
1000,0.3008982524409531,0.008002904949575784
1000,0.3768000590064654,0.004927575983868948
1000,0.3585762031529967,0.007998283208539236
1000,0.37686381400545643,0.003050093011212285
1000,0.38674970888906063,0.0004328894045855236
1000,0.43147580261609997,0.0028929749646626757
1000,0.34624366520760114,0.002357294817147534
1000,0.31729433441646865,0.007449759289996398
1000,0.28977047015766616,0.003284277066725516
1000,0.30447285466746826,0.003224221509826597
1000,0.3560234615624942,0.0069603784444018935
1000,0.2929381684984925,0.0033085732560075884
1000,0.277315016056729,0.010062052536587318
1000,0.3699161261301881,0.0033102531307843686
1000,0.29312171868879544,0.005650576225382564
1000,0.3378003538498037,0.0021091673826975077
1000,0.3299639885004808,0.005615278584958361
1000,0.3625053023386599,0.003677733875607588
1000,0.24903473333865211,0.003373927291704299
1000,0.36310737531035536,0.0024565943172304427
1000,0.326442786110858,0.003172446851636257
1000,0.34147574976040007,0.0020145781220020087
1000,0.3393817087834744,0.005937839044954263
1000,0.34254539719511745,0.005836347467366276
1000,0.2786646011358965,0.006381182542057218
1000,0.2762638189879677,0.003987365989458258
1000,0.35372646987930106,0.004645668596735875
1000,0.2949150323295951,0.0015644007346532485
1000,0.3801368199910062,0.005737047911231752
1000,0.2938500112437164,0.005201551157468343
1000,0.3628559029977652,0.007451832020128224
1000,0.3515920438964742,0.004479689868604364
1000,0.38458444491094507,0.0009237261435813826
1000,0.33427140652636983,0.0016489033855953128
1000,0.3504613341850622,0.00392899938893713
1000,0.2817580369799536,0.003247063812157336
1000,0.3154384722075768,0.0006407024340225803
1000,0.3339667692876568,0.007882523657602558
1000,0.357040262708399,0.003963316714910015
1000,0.2950403331729437,0.004213366572040419
1000,0.34779646314590335,0.0062644039267722995
1000,0.341416978339393,0.0023781323414653333
1000,0.37412925445120904,0.0022814335703420507
1000,0.3161669755292871,0.0069232786053672335
1000,0.28058469117954116,0.004934979462689615
1000,0.3450666835178873,0.0044000484023256625
1000,0.2719005706603382,0.0032438195203765563
1000,0.33191449547911955,0.0026004982031389012
1000,0.3575877298532415,0.011349065225063626
1000,0.3043131594198207,0.00736835048171014
1000,0.3491416514970081,0.002345508394382896
1000,0.32008860936777267,0.0032837073165614683
1000,0.334234031061656,0.005013921576147329
1000,0.2717478982979297,0.002724885159579249
1000,0.31219027456660725,0.003083631789496874
1000,0.3430331043747792,0.0028876442588199676
1000,0.35880500141792465,0.00790792581779054
1000,0.28617166586444287,0.007304465930258797
1000,0.35054419781016605,0.0032447255899227256
1000,0.3301814245438888,0.00924250445262964
1000,0.3183754420692571,0.003081668040851053
1000,0.3748031871544012,0.0033212902823458457
1000,0.317822857087667,0.008762355134455557
1000,0.3095622992141829,0.0019100974699239178
1000,0.2842010722576652,0.0009639395635950843
1000,0.3591095334182431,0.004553887591999484
1000,0.36567453240658965,0.0064280585047844655
1000,0.28936423528002997,0.0053823393693961386
1000,0.35506406118076217,0.007913698100569633
1000,0.3376073502460408,0.004835423008866635
1000,0.31343300488672615,0.007293419053313377
1000,0.3235846865185175,0.002905366558409201
1000,0.3630004657632044,0.010864924209731619
1000,0.3684815288232108,0.006953621096675633
1000,0.30318674253508077,0.006811749576712068
1000,0.3082817719129779,0.009033518459308665
1000,0.3123740317566156,0.0020989671300717383
1000,0.3709727062933202,0.006625132149901791
1000,0.35728395090570464,0.0035895082429400252
1000,0.3222061298290779,0.001528906661659335
1000,0.3001870517883847,0.0033219539879456583
1000,0.2939041795887454,0.00395236282601763
1000,0.298244853135408,0.004089429859840843
1000,0.2956474546481235,0.0065164783980995455
1000,0.378394095273374,0.005999115606728454
1000,0.37115662387104537,0.00555989107001964
1000,0.29561459897482745,0.002716438131436627
1000,0.33436954774046973,0.005698377330538795
1000,0.2731587342932217,0.00291963901505481
1000,0.42165899699709386,0.006998254122705161
1000,0.320000915627167,0.004346427561079169
1000,0.5152924251340716,0.004272319901081456
1000,0.33339478952413654,0.003547618432056421
1000,0.38008585992887367,0.005268856180123294
1000,0.2991642463681369,0.006981796783913197
1000,0.28970300547608285,0.004879420697577963
1000,0.2999471345179508,0.007037827725190793
1000,0.2910655155566386,0.004750084041531322
1000,0.36043406660816746,0.0025602324773670304
1000,0.3567341649346334,0.005169484322915752
1000,0.37335838607900185,0.004029625678990012
1000,0.28324084466697813,0.0033613665272038684
1000,0.3053791284310594,0.005533865837062502
1000,0.2748758484994224,0.0025024595059919275
1000,0.3234314217500884,0.008870201273918132
1000,0.2993850423425795,0.010456205283189579
1000,0.3192572468181068,0.0013632333113055006
1000,0.28050149512136135,0.004158837220844092
1000,0.26297071312849457,0.006363782006196583
1000,0.31202737839510325,0.004022660657366339
1000,0.37337756692685053,0.005749019500209007
1000,0.2884543613276958,0.0047978763034194905
1000,0.3256478277661003,0.0022189047324191044
1000,0.30145437755523197,0.004207246710764889
1000,0.35662260763586534,0.0033555298867886663
1000,0.37938524967387155,0.003333225999391214
1000,0.3508985930801938,0.00145187606524666
1000,0.31633378347257646,0.005318854459754663
1000,0.3679340733399815,0.005435046439256519
1000,0.3000133122067828,0.004057354066502428
1000,0.2837718568419629,0.0026838409209384295
1000,0.3335400825585539,0.0058590756155465495
1000,0.3170305661533829,0.00366546757379993
1000,0.2950910466462702,0.0023462582813650323
1000,0.27964261301249244,0.003064267915848573
1000,0.29748702606462657,0.0037039352732466412
1000,0.3237733888138624,0.0060234098717413375
1000,0.3051845876750555,0.0056007674951971675
1000,0.27466378060771657,0.005266409159952579
1000,0.347462361960229,0.002206104641589817
1000,0.3810333324007635,0.006375907958153348
1000,0.30497311824413226,0.005703888064433116
1000,0.3235699172849894,0.003963776268158014
1000,0.28105377791363756,0.005689722917413098
1000,0.2948122654689917,0.004852855976793566
1000,0.34484557477353905,0.002823993794882629
1000,0.32979556145556077,0.003730304309295329
1000,0.3578499435845539,0.002793733895420294
1000,0.3185033274067523,0.0026634705440764517
1000,0.29857259141082293,0.0069935239255149995
1000,0.30056405150996485,0.0038017980159992513
1000,0.3281159490297603,0.007294047123776348
1000,0.33059019205526535,0.002720375475496639
1000,0.32173860961609396,0.004175717652767072
1000,0.3112830483518538,0.005563208901620461
1000,0.29960814967890714,0.0048486829416065635
1000,0.2774891829363668,0.005160176621663792
1000,0.344296643055487,0.005240255029838551
1000,0.30203103305897855,0.0056105296111162994
1000,0.2981024930108017,0.004327008967736967
1000,0.3903628805042537,0.00905148694321567
1000,0.30087002231447657,0.004269864129830658
1000,0.4507168660829746,0.0114975963632018
1000,0.28727289817424806,0.0016562428502980286
1000,0.3230491615767982,0.005129145807237556
1000,0.31808799488737405,0.005206486361525098
1000,0.31165568299876373,0.005528597139792701
1000,0.3620116644885328,0.005799819829646724
1000,0.2772992565606338,0.006103891734011935
1000,0.3694835393626939,0.010600889698145322
1000,0.3446080668361066,0.005770022605162804
1000,0.3222672925939208,0.004871041975141507
1000,0.29001643917266823,0.003411325110748978
1000,0.31570105565975504,0.005555100014969949
1000,0.31905473899618,0.0034741189790334914
1000,0.3029664633712633,0.0029279936415505005
1000,0.32313510194926204,0.0065891934054642665
1000,0.3373700519182548,0.0016954904819368455
1000,0.3179986257547668,0.005173704694974357
1000,0.32189057826417433,0.003930535251694733
1000,0.2988367913588321,0.0038492582794553243
1000,0.39170577782933613,0.005623450054702106
1000,0.36823131335003667,0.005410575119952243
1000,0.34607547345267414,0.003481924368676811
1000,0.3288919284203128,0.006260756612871843
1000,0.2935386793511506,0.0047792039486624915
1000,0.3011753824488762,0.009948715089719284
1000,0.3702152094425038,0.004537202080092451
1000,0.29764086223122627,0.003837538717429978
1000,0.2932005085780757,0.0022087698250033982
1000,0.34021618107215157,0.006703709743715258
1000,0.39224470640063913,0.0024706098190300546
1000,0.27991634408327787,0.0018370561558376242
1000,0.37655039806288176,0.012297690401890549
1000,0.33866542868998933,0.006151621106963434
1000,0.34953139283063367,0.00788791084655327
1000,0.27985378673235833,0.010641249296079125
1000,0.2855566216205176,0.001522418849944529
1000,0.2953037547142484,0.0029956680014691095
1000,0.3211393333501721,0.0059853565868186465
1000,0.36858079971019486,0.003008896788095017
1000,0.3193428894905965,0.0034142316946197404
1000,0.3645079012702537,0.0014538444869250688
1000,0.31002194708648584,0.006367902020774752
1000,0.28533946130422294,0.0019791369413559856
1000,0.31478344807058617,0.007815878410842636
1000,0.2734449218039753,0.0018290508470042433
1000,0.34405697111105005,0.004532008246840968
1000,0.2977329987431518,0.0029401333360585813
1000,0.26086347710401947,0.0042608373867194516
1000,0.3195363147393521,0.0041539283110447744
1000,0.27004370337347505,0.003671456820028773
1000,0.28887850611356997,0.004168285414814288
1000,0.28471508417490066,0.006876955895992465
1000,0.27906886873985304,0.003464050990578782
1000,0.36789469416350085,0.0054445164890797315
1000,0.32978477347262636,0.0038340919445390975
1000,0.31343601030550466,0.0026400648552773465
1000,0.3023449129589392,0.0039897308021789035
1000,0.30490659753391514,0.004154997167341579
