-16.890857615590736,-1.9981704918870593,-5.923976023259863,;-17.587559794406754,-2.2247559929581913,-6.450694803989212,;-17.521821394155392,-2.0157031705886497,-5.901145756354285,;
-17.45564924822262,-1.978135507492638,-6.058842222635108,;-17.990872974544562,-2.164419643251501,-6.477196309929081,;-18.255271859084683,-2.039263052865114,-6.1848458061113005,;
-17.736597987840522,-2.000369178760143,-6.191982297880286,;-18.53517761218244,-2.243436014867157,-6.676330623821917,;-18.400896484399357,-1.9610981431693633,-6.204836405672862,;
-18.12148736607877,-2.0801817907781364,-6.2525751034398755,;-18.586108135541714,-2.276291347392834,-6.622029566515226,;-18.851136637531578,-1.9924889411115714,-6.249403369106099,;
-17.559522536392084,-2.003861730559967,-6.0952929631450035,;-18.036757401562554,-2.153710737890017,-6.403004494696866,;-18.38697951679525,-2.006410290876426,-6.243994358061781,;
-17.31032019088106,-2.026604733677837,-6.150059265329969,;-17.85106034468107,-2.2563279847045608,-6.5495473443028205,;-17.97807345022555,-1.984112727040724,-6.034920523697503,;
-17.34623152877401,-1.982236847957289,-5.928855465640075,;-17.867291266998688,-2.1578900728587773,-6.370879249664259,;-18.65692814331296,-1.9392152767455773,-5.988901548083903,;
-17.273922049561925,-2.050824078761555,-6.04745780113307,;-18.221280588196866,-2.2559176250164334,-6.567312456584276,;-17.64162338382111,-1.9895384244334924,-6.004659691031231,;
-17.720714011792566,-1.9374031357209245,-6.101173579946293,;-18.163016335678517,-2.126492866281887,-6.443550222859526,;-18.640180103449254,-1.9220547394125205,-6.207735653522754,;
-18.051677359155537,-2.0531146700069143,-6.1883079942439405,;-18.88100222684554,-2.187299196540912,-6.517534353825738,;-18.571964201980386,-2.114833289042529,-6.28489731946191,;
-17.26444138752969,-2.1126961047863047,-6.154622462115263,;-17.988050845786738,-2.26787447062654,-6.529732719897861,;-17.602488633985423,-2.101733411337034,-6.13820280245859,;
-17.348098159606614,-2.0245125129374286,-6.075067102823158,;-18.282214502516425,-2.250004241179604,-6.559418691538773,;-17.720202740344572,-1.946560002603222,-5.959728994591481,;
-17.21670238124751,-2.059437730197739,-5.909778028995512,;-17.902782129635803,-2.2871376365963574,-6.440125017392204,;-17.659897578144744,-2.0019108596971664,-5.844479276094531,;
-17.53808251584396,-1.9756563099343878,-6.115940666490452,;-18.061905996484658,-2.147579593108862,-6.434262522459916,;-18.377658156477633,-1.9744035970562244,-6.189277263684499,;
-17.474816011617563,-1.975054517958886,-6.049993964835229,;-18.00480641445507,-2.1628730908812717,-6.427328195094051,;-17.895754570782103,-1.9491919300463567,-5.973288686951736,;
-17.555695551993093,-2.0448070385654833,-6.28543110848512,;-18.148871263900013,-2.261531496405706,-6.682132897578815,;-18.18677855421436,-1.9918260160798165,-6.276601345589239,;
-17.395729426223564,-1.9723941870710806,-6.088053212977343,;-17.823040184043414,-2.192112103771825,-6.422840587715395,;-18.293888132808696,-1.8481597107808165,-6.079244475164891,;
-17.61406776169293,-2.0201372810604714,-6.139045316556181,;-18.14327767858904,-2.1594944769176134,-6.522795921052007,;-18.266327169926477,-2.0281894261091025,-6.0047518399771675,;
-17.305283049495912,-2.090636985679689,-6.224262254834548,;-17.828893166991005,-2.2684514595227636,-6.56709383143023,;-17.831988403101015,-2.0403107863902705,-6.097334738577967,;
-17.897329093019234,-2.0456666810906703,-6.2264274121524,;-18.43680888800753,-2.202419693474663,-6.56514632421698,;-18.696359034785647,-2.0649509501254055,-6.379869192848535,;
-17.8644214579749,-2.1239905889789745,-6.216619098647296,;-18.23138695558988,-2.2287941852551736,-6.485607199502763,;-18.5216819434374,-2.108910408696596,-6.255323528050067,;
-17.594952093969706,-2.0297677527129165,-6.03784375668082,;-18.40490304832975,-2.2123259175176186,-6.478448882038162,;-18.10826962057879,-2.0571475546676172,-6.061190841524404,;
-17.13876610136289,-2.021020480539073,-5.960603096583481,;-17.74831803598035,-2.226993075945693,-6.401065446908031,;-17.7761235373883,-1.8648745224791097,-5.881658243398796,;
-16.47997425162288,-1.8303768716684576,-5.691181085178967,;-17.411265521504475,-2.0559400994135824,-6.190943541754556,;-16.80054502860181,-1.8032182635925613,-5.5958749369846545,;
-16.754693575281763,-2.024859466567692,-6.049729605441213,;-17.49249499032845,-2.1906616855201624,-6.379763439235856,;-17.200459291413495,-2.010949660779122,-6.066744849520275,;
-17.451495982785673,-1.9847152835093689,-6.22363361813754,;-18.174290674056422,-2.2000207802432614,-6.617280391508416,;-18.062385944819617,-1.9762020681685113,-6.202908143000823,;
-17.95577312932247,-1.8854125546613067,-5.95807894559819,;-18.979877614831544,-2.1186398170631033,-6.5266249441334265,;-18.57955650805095,-1.8081938661766233,-5.831472239708736,;
-16.4811067662947,-1.9220540283973095,-5.973954522636255,;-17.31062830923447,-2.1817917559501767,-6.435568817298316,;-16.899538426323844,-1.8389384968617313,-5.850514257924594,;
-16.827397269752392,-1.9539844824024464,-6.0413440625094665,;-17.442924804927365,-2.1913749487821246,-6.434395440268671,;-17.399303548981408,-1.8967411676950365,-6.022490366864645,;
-17.564490811871906,-2.026607452724587,-6.174659829767571,;-18.13210091390801,-2.239814506973573,-6.6117107699459305,;-18.14380534295922,-1.9725492239009161,-6.015649963649958,;
-17.88438833357921,-2.0652202095370167,-6.203431894460302,;-18.40637820775605,-2.2115501760536134,-6.517581123273892,;-18.517578919247754,-2.1036298488869054,-6.236662814911381,;
-17.33191433408939,-2.045391133502737,-6.081598591219408,;-18.045062242672465,-2.2378295844617195,-6.5320464322808585,;-17.932179342678566,-2.098226050343979,-6.049615000446921,;
-18.029739637792304,-2.0427652224320103,-6.1155041164471955,;-18.81090343129673,-2.2801079942379245,-6.599232656202084,;-18.425665658470155,-1.9836426412085029,-6.060151340686778,;
-18.43873543387648,-2.109436598828815,-6.198314381757018,;-19.042831196906278,-2.27108949560958,-6.645746320370275,;-19.093207873486232,-2.076267762252719,-6.1526990038584835,;
-17.04865414802239,-2.0339396041865623,-6.134933189436363,;-17.812154854857273,-2.2403047168420667,-6.651306212693312,;-17.52385967776362,-1.9595932698112508,-5.982334477129993,;
-18.361031484580398,-2.2169464324978128,-6.3885866483939076,;-19.005169923020212,-2.36709860479292,-6.735436248982361,;-18.933772460538208,-2.1541175670276154,-6.30077732094676,;
-17.12476853968159,-1.9680684757373301,-5.988208016348093,;-18.036259099874332,-2.2217228086489835,-6.463258549530744,;-17.458293469130126,-1.906568409616144,-5.9456214330191575,;
-18.577265573975552,-2.0670407866027425,-6.22018311058094,;-19.09024339017703,-2.2310885209381546,-6.643305405422754,;-19.29872051663293,-2.026078333549389,-6.16714662725156,;
-17.081417767454184,-1.9786501193746742,-5.858886238575692,;-17.86894725152606,-2.158196349665376,-6.401685565697795,;-17.48366954973673,-1.931557140461424,-5.679709789920724,;
-17.00946598231643,-2.033231477296298,-6.019074287473175,;-17.608377433017036,-2.1605386809795353,-6.468706272457414,;-17.74382363980847,-2.041401267205218,-5.950383205311214,;
-17.631116485357833,-2.1733235461930285,-6.304779170982592,;-18.322324034933793,-2.373575035402653,-6.6949423837488995,;-18.01110989882761,-2.068428698910172,-6.2573011967291645,;
-18.614371548640257,-2.0835209134162214,-6.337607229752372,;-19.059334166906787,-2.2877062889270823,-6.708726301001013,;-19.44554447022482,-1.965679734047252,-6.323046257152395,;
-18.546060523510956,-2.061625128858751,-6.283073706846789,;-19.106756251273154,-2.2453552375462804,-6.651092468150971,;-19.154054046301688,-1.998244207441995,-6.240175469991591,;
-17.325044923714625,-1.8148386995004941,-5.872014184309274,;-18.227570335165893,-2.0545862507190655,-6.332519771961645,;-17.59781130736599,-1.7822929398971517,-5.861496634246479,;
-17.455530477614484,-1.89127484138743,-6.0041786978905005,;-17.828853393533315,-2.155110900374512,-6.333371326905487,;-18.110528462814283,-1.8525669126762545,-6.088863629845641,;
-17.9568418661851,-2.08530034012427,-6.23050835343471,;-18.586700663291833,-2.3048157953305464,-6.66378230161527,;-18.428104743043807,-1.939706712158498,-6.025166539817199,;
-17.781609709933516,-1.9724124216246723,-6.21150729520582,;-18.487401524588105,-2.1976733998647306,-6.656356197143409,;-18.18259890488547,-1.9295594378101921,-6.093369499384119,;
-16.772090317087212,-1.9459500486074435,-6.0132307030581345,;-17.449591292777296,-2.1879148142309646,-6.428658054392234,;-17.373914739789438,-1.8851840945931215,-5.998304325616466,;
-17.390983153774133,-1.9230225377107775,-5.85148389596824,;-18.015407342519183,-2.132246395219913,-6.315229627827994,;-18.40118351291586,-1.940127621905919,-5.912254547368596,;
-17.009105165767156,-2.0703431419631078,-6.193128400401448,;-17.67082975851101,-2.270520775683198,-6.623048362628127,;-17.655125270570334,-1.9766735389362142,-6.154797148887672,;
-17.78617914792561,-1.9954238123033188,-5.940689298313969,;-18.68163480277883,-2.2629432911263887,-6.498957715834219,;-18.19518406355677,-1.870733597939083,-5.828139775208374,;
-17.304524323854228,-1.996328825952562,-6.012923179538361,;-18.010863071332622,-2.2060213508961497,-6.448822209994985,;-17.93025949671714,-1.9357254857315942,-5.93254301049347,;
-17.69896478827668,-2.003714774171745,-6.297370635033481,;-18.18664607956566,-2.122083950142445,-6.583826910339374,;-18.579910907508296,-2.0651781769681388,-6.352329843718914,;
-18.09384324523336,-2.0825823775298122,-6.067113641907579,;-18.903124181551192,-2.3034490999420045,-6.541544608778245,;-18.529489327491977,-1.9400397534201366,-5.947189667647752,;
-18.335200386908358,-2.032225491258215,-6.103912793839253,;-18.946694660926372,-2.1818876129684353,-6.445946215805597,;-18.93090960764507,-2.022215976017908,-6.148969778737269,;
-17.321228843154035,-2.0644390368086003,-6.099544786037063,;-18.044256146415254,-2.217919077999207,-6.545871481485651,;-17.93717578236162,-2.079510383843557,-6.055075555514212,;
-17.96371291470401,-2.0163497720943044,-6.001636426718127,;-18.890936721171702,-2.2311371640180635,-6.522791699205617,;-18.1824522585322,-1.9566687617959995,-5.879061631445884,;
-18.14004248215019,-2.055543542935058,-6.2629252316195165,;-18.749298257436802,-2.2036494909279396,-6.672342165373234,;-18.767336409129513,-2.050335115160157,-6.113128779884679,;
-17.015036739651922,-2.053312476245442,-6.075319400451462,;-17.602820043684787,-2.162422130202015,-6.36089135803901,;-17.60927719089374,-2.068216124822022,-6.039919187903488,;
-17.1786467964064,-2.025190376922228,-6.056995347875677,;-17.82862824532744,-2.16936211184444,-6.527293273472059,;-17.805804147440533,-1.998761950895164,-5.969132689734846,;
-17.483831566912656,-2.0395917020121583,-5.991702483614985,;-18.079295615943558,-2.1679331089225466,-6.361400873514295,;-18.187656994820266,-2.0773172088846725,-6.15046318984295,;
-18.028915444134956,-2.187621260425214,-6.333371964180743,;-18.596701335808774,-2.292048580141963,-6.763113798530732,;-18.710679491216684,-2.1957454236100844,-6.180464463791298,;
-17.52465553977404,-1.9811899317252408,-6.188460573289008,;-18.137409948884407,-2.1550189851366883,-6.545160973877424,;-18.210892411983696,-1.9748480058506541,-6.174688195521336,;
